wf 0.5
a [[0.3, 0.3, 0.3, 0.3], [0.3, 0.3, 0.3, 0.3], [0.3, 0.3, 0.3, 0.3], [0.3, 0.3, 0.3, 0.3], [0.3, 0.3, 0.3, 0.3], [0.3, 0.3, 0.3, 0.3], [0.3, 0.3, 0.3, 0.3]]
b [[0.3, 0.3, 0.3, 0.3], [0.3, 0.3, 0.3, 0.3], [0.3, 0.3, 0.3, 0.3], [0.3, 0.3, 0.3, 0.3], [0.3, 0.3, 0.3, 0.3], [0.3, 0.3, 0.3, 0.3], [0.3, 0.3, 0.3, 0.3]]
q [0.0, 0.0, 0.0, 0.0, 0.0, 0.0, 0.0]
added cost: 494.86821704
 objective function value: 1677.90761353 (last best: inf + 0)



call #2/104
wf 0.558048373585
a [[-0.009, -0.36, 0.311, -0.362], [0.095, -0.132, -0.363, 0.474], [-0.418, -0.25, -0.12, 0.119], [0.023, 0.113, 0.497, 0.213], [-0.23, -0.237, 0.153, -0.147], [0.366, 0.366, 0.302, -0.373], [-0.247, -0.166, 0.315, 0.031]]
b [[-0.051, 0.027, 0.003, -0.332], [-0.292, 0.358, -0.056, -0.436], [-0.355, 0.039, -0.397, -0.445], [0.328, 0.256, -0.36, 0.143], [0.428, 0.093, 0.035, -0.28], [-0.39, -0.085, 0.388, 0.46], [-0.046, 0.135, -0.428, 0.387]]
q [0.235, -0.004, -0.071, 0.095, -0.141, 0.208, -0.182]
added cost: 525.469242401
******************** constraints violated *********************** :
- angle limits
[-1.08902143 -1.71385008 -1.38156518 -1.26937351 -2.07153659 -0.57035737
 -1.57202367 -1.17743464 -2.08489088 -0.93687825 -2.65215335  0.54231833
 -2.16642198]
- collision constraints
 objective function value: 1096.21064651 (last best: inf + 0)



call #3/104
wf 0.563153147357
a [[0.095, -0.012, -0.409, -0.378], [0.215, -0.15, 0.405, -0.191], [-0.137, -0.156, 0.396, -0.234], [0.099, 0.374, -0.478, 0.303], [0.339, 0.382, 0.472, 0.15], [-0.258, -0.031, -0.056, 0.125], [-0.354, 0.021, -0.074, -0.128]]
b [[0.049, -0.318, -0.018, -0.124], [0.273, -0.049, 0.019, 0.497], [-0.309, -0.481, 0.296, 0.134], [-0.274, -0.12, 0.192, 0.444], [-0.467, -0.286, -0.096, -0.228], [-0.2, 0.205, 0.377, -0.223], [-0.428, 0.343, -0.375, -0.382]]
q [0.296, 0.034, 0.179, 0.12, 0.034, 0.344, 0.368]
added cost: 530.243182839
******************** constraints violated *********************** :
- angle limits
[-1.52270828 -2.58630181 -1.67941164 -2.1735882  -2.64117116 -2.32510363
 -1.3053723  -0.74999116 -1.42956283 -0.73282823 -1.06829033  0.24034531
  0.43894328]
- collision constraints
 objective function value: 1077.673259 (last best: inf + 0)



call #4/104
wf 0.938385542934
a [[-0.439, 0.258, 0.406, 0.273], [-0.09, 0.066, 0.238, -0.326], [0.412, 0.491, -0.361, -0.052], [-0.137, -0.143, -0.247, 0.252], [-0.308, 0.146, -0.398, 0.375], [0.358, -0.039, 0.233, 0.244], [-0.467, 0.315, -0.03, -0.181]]
b [[-0.164, -0.098, -0.463, -0.226], [-0.314, -0.228, 0.252, 0.299], [-0.303, 0.293, -0.25, -0.115], [0.134, -0.456, -0.329, 0.195], [0.389, 0.059, 0.419, -0.024], [-0.151, -0.38, -0.061, -0.311], [-0.293, 0.416, 0.497, -0.054]]
q [0.379, 0.354, -0.17, -0.249, 0.232, 0.207, 0.189]
added cost: 550.077744803
 objective function value: 1593.19297273 (last best: inf + 0)



call #5/104
wf 0.606608708122
a [[0.26, 0.5, -0.477, -0.076], [0.5, -0.313, 0.333, -0.091], [0.159, 0.09, 0.363, -0.141], [0.128, 0.304, 0.429, 0.446], [0.161, 0.457, 0.5, 0.036], [0.26, 0.099, 0.217, 0.178], [-0.041, 0.458, 0.33, 0.145]]
b [[-0.044, 0.035, -0.12, -0.176], [0.165, 0.14, 0.014, 0.303], [-0.107, 0.115, 0.5, -0.004], [-0.122, -0.064, 0.221, 0.354], [-0.087, 0.041, -0.242, -0.241], [0.167, 0.266, 0.339, 0.142], [0.288, 0.355, 0.114, -0.025]]
q [0.265, 0.256, 0.277, 0.291, -0.185, -0.191, 0.436]
added cost: 533.706174433
******************** constraints violated *********************** :
- angle limits
[-2.45652758 -3.49661274 -2.77462246 -1.377057   -0.41214183 -2.70142022
 -1.03476626  0.21107209 -1.08755575  0.09889977 -2.90147393 -2.29213428
  0.32348797]
- collision constraints
 objective function value: 1081.12572885 (last best: inf + 0)



call #6/104
wf 0.49944018861
a [[0.176, -0.034, 0.094, -0.288], [0.019, -0.115, -0.162, -0.067], [-0.37, -0.296, 0.207, -0.131], [0.139, 0.14, -0.102, 0.065], [-0.378, -0.073, 0.5, -0.205], [0.336, 0.462, 0.377, 0.124], [-0.142, -0.175, 0.428, -0.274]]
b [[0.126, -0.197, -0.065, -0.321], [-0.499, 0.241, 0.234, 0.039], [-0.144, -0.217, -0.144, -0.5], [0.092, 0.092, 0.39, 0.162], [0.045, 0.113, 0.079, -0.068], [-0.434, -0.066, 0.467, 0.103], [-0.144, 0.119, -0.385, -0.416]]
q [0.326, -0.163, -0.124, 0.141, 0.046, 0.317, -0.347]
added cost: 528.991231738
******************** constraints violated *********************** :
- angle limits
[-0.3331323  -1.44197368 -2.01143007 -2.19183144 -2.35925591  0.16082822
 -0.92138412 -1.73471182 -2.49324221 -0.93860973 -1.54392842  1.18887306
 -2.55058252]
- collision constraints
 objective function value: 1088.29796953 (last best: inf + 0)



call #7/104
wf 0.388369687999
a [[-0.255, 0.293, -0.402, -0.5], [0.5, -0.5, 0.467, 0.253], [-0.5, 0.306, 0.5, -0.29], [-0.155, 0.5, -0.253, -0.049], [0.5, 0.5, 0.485, -0.027], [-0.494, 0.047, -0.289, -0.126], [-0.5, -0.187, -0.159, -0.5]]
b [[0.268, -0.5, -0.315, -0.5], [0.5, 0.202, 0.5, 0.5], [-0.202, -0.169, 0.5, 0.204], [-0.037, -0.384, 0.5, 0.019], [-0.5, 0.025, -0.125, 0.271], [-0.5, 0.461, 0.485, -0.02], [0.197, 0.5, -0.288, -0.454]]
q [0.263, 0.268, 0.436, 0.436, 0.386, 0.249, 0.436]
added cost: 524.18793747
******************** constraints violated *********************** :
- angle limits
[-0.72515632 -2.10160056 -2.18851785 -2.75512438 -0.7164397  -1.61286906
 -0.39775681  1.76325185  0.16439517  0.85976102  1.48048989  1.23790289
  1.97647159]
- collision constraints
 objective function value: 633.933535071 (last best: inf + 0)



call #8/104
wf 0.946574105255
a [[0.058, 0.226, -0.148, -0.028], [0.184, -0.143, 0.386, -0.128], [0.188, 0.5, 0.052, -0.036], [0.052, 0.055, -0.003, 0.124], [-0.152, 0.45, -0.241, 0.195], [-0.445, 0.135, 0.138, 0.155], [-0.207, 0.018, 0.029, -0.116]]
b [[0.104, -0.29, -0.245, -0.165], [-0.032, -0.381, 0.303, 0.5], [-0.257, 0.154, 0.183, 0.111], [-0.152, -0.5, -0.026, 0.051], [-0.435, -0.193, 0.5, -0.44], [0.001, 0.125, 0.13, -0.043], [-0.34, 0.349, -0.148, -0.062]]
q [0.369, 0.117, 0.334, -0.201, 0.147, 0.436, 0.066]
added cost: 584.395671497
******************** constraints violated *********************** :
- angle limits
[-2.13325809 -3.93628845 -0.942271   -2.58252977 -3.37863909 -1.775167
 -1.21214501 -1.1617231  -0.93292793 -2.45466325 -1.85133075  0.2529379
 -1.40021169]
- collision constraints
 objective function value: 2518.47523964 (last best: inf + 0)



Outer Iteration: 1     [1. Inner Iteration]
call #9/104
wf 0.450524550537
a [[-0.028, 0.5, -0.5, -0.5], [0.5, -0.5, 0.398, -0.258], [-0.307, 0.16, 0.433, -0.475], [-0.06, 0.387, 0.454, 0.348], [0.186, 0.5, 0.5, -0.134], [0.18, -0.018, -0.179, -0.008], [-0.5, -0.063, 0.149, -0.376]]
b [[-0.086, -0.111, -0.485, -0.5], [0.234, 0.099, -0.13, 0.49], [-0.351, -0.111, 0.5, -0.006], [-0.307, -0.439, 0.315, 0.067], [-0.5, -0.116, -0.5, -0.491], [-0.181, 0.347, 0.438, -0.015], [0.267, 0.499, -0.294, -0.5]]
q [0.409, 0.399, 0.436, 0.436, 0.034, 0.066, 0.436]
added cost: 564.670244851
******************** constraints violated *********************** :
- angle limits
[-2.70029468 -2.84415767 -2.64126527 -1.84340203 -1.62327552 -2.15697395
 -0.30907644  1.76452202 -0.29643076  1.32191755 -0.67225734 -0.67980544
  1.89638175]
- collision constraints
 objective function value: 717.387295609 (last best: inf + 0)



call #10/104
wf 0.465249388943
a [[-0.085, 0.248, -0.243, -0.369], [0.399, -0.354, 0.034, -0.347], [-0.452, 0.219, 0.5, -0.374], [-0.051, 0.289, -0.5, -0.083], [-0.057, 0.349, 0.5, -0.128], [-0.304, 0.363, 0.137, 0.396], [-0.185, -0.183, 0.481, -0.5]]
b [[0.306, -0.432, -0.193, -0.437], [-0.176, 0.174, 0.433, 0.344], [-0.055, -0.337, 0.419, -0.154], [-0.09, -0.172, 0.5, 0.162], [-0.5, 0.074, 0.025, 0.365], [-0.465, 0.111, 0.5, -0.099], [-0.134, 0.128, -0.3, -0.5]]
q [0.318, -0.06, 0.15, 0.379, 0.149, 0.374, -0.313]
added cost: 536.587865231
******************** constraints violated *********************** :
- angle limits
[-0.53780615 -1.55910136 -2.64170283 -2.20809162 -1.78262369  0.19054775
 -0.45631191 -1.06042149 -1.30688447  0.05899823 -0.78119262  0.781014
 -2.1388479 ]
- collision constraints
 objective function value: 735.970846804 (last best: inf + 0)



call #11/104
wf 0.512745717718
a [[-0.125, 0.5, -0.315, -0.5], [0.5, -0.5, 0.5, 0.5], [-0.5, 0.5, 0.5, -0.5], [-0.469, 0.15, 0.026, -0.359], [0.5, 0.5, 0.115, -0.463], [-0.5, -0.127, 0.048, -0.271], [-0.377, -0.156, 0.247, -0.5]]
b [[0.153, -0.5, -0.014, -0.288], [0.252, 0.203, 0.5, 0.5], [-0.434, -0.36, 0.5, 0.234], [0.395, -0.5, 0.5, -0.376], [-0.5, 0.5, -0.443, 0.431], [-0.5, 0.178, 0.155, -0.387], [0.5, 0.5, -0.216, -0.439]]
q [0.26, 0.42, 0.436, 0.436, 0.212, 0.12, 0.436]
added cost: 515.773259264
