call #1/104
wf 0.5
a [[0.3, 0.3, 0.3, 0.3], [0.3, 0.3, 0.3, 0.3], [0.3, 0.3, 0.3, 0.3], [0.3, 0.3, 0.3, 0.3], [0.3, 0.3, 0.3, 0.3], [0.3, 0.3, 0.3, 0.3], [0.3, 0.3, 0.3, 0.3]]
b [[0.3, 0.3, 0.3, 0.3], [0.3, 0.3, 0.3, 0.3], [0.3, 0.3, 0.3, 0.3], [0.3, 0.3, 0.3, 0.3], [0.3, 0.3, 0.3, 0.3], [0.3, 0.3, 0.3, 0.3], [0.3, 0.3, 0.3, 0.3]]
q [0.0, 0.0, 0.0, 0.0, 0.0, 0.0, 0.0]
******************** constraints violated *********************** :
- max torque limits
- collision constraints
 objective function value: 1183.03939649 (last best: inf + 0)



call #2/104
wf 0.403897913689
a [[-0.152, 0.284, -0.245, -0.294], [-0.304, 0.421, 0.376, -0.036], [-0.208, 0.197, 0.388, 0.108], [-0.139, -0.239, 0.484, -0.151], [-0.019, 0.147, -0.163, 0.398], [0.139, 0.284, 0.242, -0.267], [0.275, -0.47, -0.403, 0.18]]
b [[-0.25, 0.063, 0.431, -0.325], [0.027, 0.429, -0.335, 0.372], [0.07, -0.149, -0.192, -0.063], [0.494, 0.183, -0.233, 0.328], [-0.023, -0.438, 0.367, -0.09], [-0.42, 0.096, -0.142, -0.169], [-0.214, 0.079, -0.073, 0.377]]
q [-0.274, -0.051, -0.027, 0.154, 0.172, 0.268, -0.12]
******************** constraints violated *********************** :
- angle limits
[-0.88270945 -1.8548153  -1.2481065  -2.81122922 -1.82554913 -0.20553365
 -3.27817926 -0.43540303 -2.26741283  0.17826883 -1.21095109  0.30066639
 -1.37559493]
- max torque limits
- collision constraints
 objective function value: 202.010376406 (last best: inf + 0)



call #3/104
wf 0.652157702596
a [[0.109, 0.165, 0.118, 0.479], [-0.213, -0.036, -0.308, 0.418], [-0.133, -0.255, 0.283, -0.22], [0.354, -0.071, 0.418, -0.125], [0.03, -0.329, -0.135, -0.391], [0.144, 0.173, 0.128, 0.079], [-0.289, -0.104, 0.194, 0.143]]
b [[0.387, 0.309, 0.012, 0.068], [0.299, 0.03, -0.057, -0.226], [0.149, 0.399, 0.481, -0.057], [0.394, -0.218, -0.385, 0.108], [-0.336, 0.377, -0.421, -0.152], [0.081, 0.325, -0.199, 0.116], [0.309, -0.05, -0.309, 0.17]]
q [-0.292, 0.189, -0.204, 0.006, 0.258, -0.107, 0.273]
******************** constraints violated *********************** :
- max torque limits
- collision constraints
 objective function value: 451.323062516 (last best: inf + 0)



call #4/104
wf 0.98412528732
a [[0.315, 0.448, 0.385, -0.493], [-0.317, -0.336, 0.426, -0.339], [-0.068, -0.119, 0.457, 0.207], [-0.013, 0.069, 0.042, -0.439], [-0.066, 0.402, -0.16, -0.278], [-0.248, 0.188, -0.333, 0.065], [0.349, 0.357, 0.178, 0.055]]
b [[0.485, 0.001, 0.342, 0.445], [-0.424, -0.384, -0.223, -0.478], [0.024, -0.418, 0.371, 0.195], [0.154, 0.469, 0.468, 0.466], [-0.035, 0.016, -0.489, 0.108], [-0.478, -0.244, -0.342, 0.354], [-0.044, 0.455, 0.244, 0.366]]
q [-0.294, -0.433, 0.265, -0.002, -0.183, -0.033, -0.433]
******************** constraints violated *********************** :
- angle limits
[ 0.20753661 -3.54043449 -1.4022463  -1.92115821 -1.2634803   0.137169
 -3.43538733 -2.96200676 -1.55965186 -1.71959521 -3.23219947 -1.52708684
 -3.09998258]
- max torque limits
- collision constraints
 objective function value: 530.938763597 (last best: inf + 0)



call #5/104
wf 0.451737923811
a [[0.265, 0.08, -0.426, 0.5], [-0.043, 0.5, 0.5, 0.5], [0.5, 0.424, -0.215, -0.121], [0.5, 0.037, 0.5, -0.22], [0.356, 0.355, 0.5, -0.158], [0.438, 0.479, 0.381, 0.302], [0.5, 0.5, 0.5, 0.5]]
b [[0.425, 0.364, 0.5, 0.454], [0.043, -0.348, 0.5, 0.5], [0.5, -0.179, 0.5, 0.464], [0.5, 0.402, 0.445, 0.5], [-0.317, 0.5, 0.5, 0.021], [0.5, -0.221, 0.424, 0.02], [-0.362, -0.041, 0.5, 0.5]]
q [0.278, 0.038, 0.436, -0.268, -0.432, -0.186, -0.434]
******************** constraints violated *********************** :
- angle limits
[-1.06224536 -2.89124824  1.29416467  0.13828325  0.84975736  1.09323775
 -0.66183557 -0.58089832  0.19536061 -1.2513841  -2.57584124 -1.18459875
 -1.0931832 ]
- max torque limits
- collision constraints
 objective function value: 141.192386011 (last best: inf + 0)



call #6/104
wf 0.496786985425
a [[-0.055, 0.474, -0.188, 0.29], [-0.027, 0.355, 0.089, 0.251], [0.24, 0.028, 0.468, 0.198], [-0.356, -0.241, 0.275, -0.038], [-0.087, 0.36, -0.253, 0.148], [0.5, 0.5, 0.031, 0.043], [0.358, 0.248, 0.148, 0.034]]
b [[-0.092, 0.353, 0.5, -0.095], [0.158, 0.498, -0.29, 0.227], [0.277, -0.335, 0.181, 0.006], [0.5, 0.11, 0.078, 0.069], [0.013, -0.345, 0.205, 0.0], [-0.001, 0.296, 0.461, -0.394], [0.312, 0.227, -0.243, 0.284]]
q [-0.34, -0.011, -0.211, 0.066, 0.163, 0.252, 0.158]
******************** constraints violated *********************** :
- angle limits
[-1.05635748 -1.14239909 -1.03417531 -2.9039572  -1.84451484 -1.44522
 -3.55209596 -1.22426892 -2.64477502 -0.80856403 -1.4435431   0.6871009
 -0.36447919]
- max torque limits
- collision constraints
 objective function value: 285.395747516 (last best: inf + 0)



call #7/104
wf 0.703887696855
a [[0.2, -0.009, 0.049, 0.335], [-0.14, 0.184, -0.09, 0.5], [0.265, -0.452, 0.309, 0.259], [0.141, -0.009, 0.126, 0.058], [0.06, 0.184, -0.273, 0.417], [0.436, 0.21, 0.424, 0.307], [0.348, 0.103, 0.034, 0.066]]
b [[0.5, 0.423, 0.09, 0.058], [0.215, -0.01, 0.304, 0.453], [-0.002, 0.5, 0.5, 0.298], [0.198, 0.131, -0.344, 0.397], [-0.064, 0.044, -0.013, 0.28], [0.05, 0.153, 0.266, 0.211], [0.255, -0.053, -0.074, -0.003]]
q [-0.002, 0.3, 0.204, 0.174, -0.159, 0.083, -0.071]
******************** constraints violated *********************** :
- max torque limits
- collision constraints
 objective function value: 389.732804487 (last best: inf + 0)



call #8/104
wf 0.809491280459
a [[0.5, 0.5, 0.306, -0.005], [0.012, -0.121, 0.095, -0.321], [0.363, 0.056, 0.288, 0.393], [0.271, 0.234, 0.074, -0.333], [-0.221, 0.418, 0.128, 0.275], [0.379, 0.027, 0.18, 0.021], [0.134, 0.406, -0.029, 0.285]]
b [[0.038, 0.337, 0.26, 0.472], [-0.5, 0.098, -0.258, -0.028], [0.137, 0.392, 0.348, 0.5], [0.405, 0.332, 0.299, 0.348], [0.344, 0.129, 0.316, 0.194], [0.309, 0.424, 0.122, 0.368], [0.367, 0.463, 0.096, 0.179]]
q [-0.065, -0.436, 0.249, 0.053, 0.003, -0.064, -0.158]
******************** constraints violated *********************** :
- angle limits
[ 0.52561174 -3.0886208  -1.35976076 -2.20655668 -0.95563097 -0.48649569
 -2.1388205  -3.1211426  -1.36433732 -1.31173511 -2.21737745 -1.61241396
 -2.20876919]
- max torque limits
- collision constraints
 objective function value: 432.473075642 (last best: inf + 0)



Outer Iteration: 1     [1. Inner Iteration]
call #9/104
wf 0.549999667513
a [[0.403, -0.045, 0.186, 0.144], [0.415, 0.5, 0.153, 0.5], [0.5, 0.45, -0.214, -0.103], [0.5, 0.11, 0.5, -0.028], [0.5, 0.354, 0.5, -0.234], [0.5, 0.5, 0.267, 0.5], [0.5, 0.13, 0.5, 0.5]]
b [[-0.095, 0.035, 0.193, 0.12], [0.19, 0.185, 0.132, 0.5], [0.5, 0.074, 0.311, 0.334], [0.238, -0.021, 0.5, 0.442], [-0.2, 0.5, 0.5, 0.407], [0.5, -0.375, 0.005, 0.187], [0.073, 0.408, 0.109, 0.5]]
q [0.436, -0.131, 0.436, -0.131, -0.436, 0.142, -0.046]
******************** constraints violated *********************** :
- max torque limits
- collision constraints
 objective function value: 290.086710442 (last best: inf + 0)



call #10/104
wf 0.524633179321
a [[0.242, 0.223, 0.025, -0.062], [0.224, 0.308, 0.268, -0.038], [-0.341, 0.205, 0.379, 0.197], [0.254, 0.117, 0.347, 0.047], [0.048, 0.009, -0.212, 0.472], [0.067, 0.366, 0.412, 0.352], [0.282, 0.439, -0.089, 0.24]]
b [[0.116, -0.003, 0.391, -0.245], [0.127, 0.274, 0.012, 0.447], [0.314, 0.05, -0.204, 0.222], [0.5, 0.258, 0.201, 0.249], [0.072, 0.259, 0.214, 0.141], [-0.089, 0.399, -0.256, 0.461], [0.484, 0.071, 0.43, 0.296]]
q [-0.175, -0.023, -0.125, 0.146, 0.112, 0.061, 0.001]
******************** constraints violated *********************** :
- max torque limits
- collision constraints
 objective function value: 618.052733437 (last best: inf + 0)



call #11/104
wf 0.725586305382
a [[0.313, -0.023, 0.136, 0.221], [0.18, 0.359, 0.393, 0.464], [0.5, 0.116, 0.319, 0.5], [0.143, 0.246, 0.11, 0.19], [0.3, 0.5, -0.048, 0.5], [0.5, 0.232, 0.5, 0.426], [0.5, 0.256, 0.208, 0.216]]
b [[0.5, 0.419, 0.213, 0.291], [0.183, 0.226, 0.5, 0.5], [0.086, 0.436, 0.5, 0.495], [0.133, 0.409, -0.298, 0.487], [0.39, -0.007, 0.433, 0.5], [0.277, 0.188, 0.5, 0.306], [0.263, 0.011, 0.291, 0.168]]
q [0.159, 0.171, 0.286, 0.104, -0.358, 0.17, -0.244]
******************** constraints violated *********************** :
- max velocity limits
- max torque limits
- collision constraints
 objective function value: 382.778253426 (last best: inf + 0)



call #12/104
wf 0.702804449372
a [[0.268, 0.338, 0.369, -0.225], [-0.206, 0.006, 0.5, -0.027], [0.074, 0.044, 0.25, 0.436], [0.422, 0.093, 0.216, 0.175], [0.014, 0.347, 0.393, -0.255], [-0.273, 0.334, 0.332, 0.173], [0.133, 0.375, 0.212, 0.382]]
b [[0.5, -0.054, 0.41, 0.423], [0.17, 0.262, -0.108, 0.304], [0.155, -0.429, 0.351, 0.181], [0.267, 0.259, 0.484, 0.358], [-0.059, 0.178, 0.5, 0.289], [-0.122, 0.062, -0.389, 0.329], [0.166, 0.416, 0.157, 0.176]]
q [0.026, -0.42, 0.041, 0.067, -0.21, -0.0, -0.203]
******************** constraints violated *********************** :
- angle limits
[ 0.09990174 -2.63866438 -1.29193018 -1.64847562 -1.47076795 -0.3267718
 -1.88796342 -3.10485191 -2.16148907 -1.10778672 -3.0478713  -1.42751263
 -2.4719792 ]
- max torque limits
- collision constraints
 objective function value: 426.26596105 (last best: inf + 0)



Outer Iteration: 1     [2. Inner Iteration]
call #13/104
wf 0.371228667319
a [[0.5, -0.16, 0.5, -0.127], [0.5, 0.045, 0.242, 0.5], [-0.01, 0.206, 0.437, 0.054], [0.5, 0.5, -0.058, 0.269], [0.5, -0.098, 0.308, 0.5], [0.5, 0.135, -0.127, 0.438], [0.5, 0.455, 0.5, 0.354]]
b [[0.209, 0.053, 0.333, -0.378], [0.072, 0.404, -0.248, 0.351], [0.5, 0.02, 0.5, 0.114], [0.047, -0.19, 0.142, 0.383], [0.5, 0.5, 0.493, 0.244], [0.486, -0.015, 0.041, 0.5], [0.5, 0.5, 0.038, 0.087]]
q [0.076, -0.387, 0.092, -0.012, -0.4, 0.325, 0.154]
******************** constraints violated *********************** :
- angle limits
[ 1.03524579 -1.21065282 -0.12489262  1.68051382 -1.32683084  0.6525302
 -0.90883676 -1.50121959 -0.88315168 -0.2909652  -2.34491841  1.26480624
  0.37444919]
- max torque limits
- collision constraints
 objective function value: 169.765469348 (last best: inf + 0)



call #14/104
wf 0.53317639118
a [[0.454, 0.136, 0.414, 0.005], [0.43, 0.28, 0.383, -0.079], [-0.083, 0.32, 0.285, 0.295], [0.5, 0.447, 0.379, 0.132], [0.282, -0.128, -0.156, 0.483], [-0.093, 0.271, 0.5, 0.5], [0.248, 0.5, -0.205, 0.393]]
b [[0.26, -0.169, 0.241, 0.147], [0.202, 0.159, 0.412, 0.5], [0.33, 0.295, 0.003, 0.347], [0.396, 0.363, 0.294, 0.391], [0.213, 0.5, 0.246, 0.245], [0.013, 0.382, -0.28, 0.5], [0.5, 0.109, 0.5, 0.304]]
q [0.011, -0.028, -0.03, 0.104, 0.062, -0.057, -0.085]
******************** constraints violated *********************** :
- max torque limits
- collision constraints
 objective function value: 392.348632498 (last best: inf + 0)



call #15/104
wf 0.725561670153
a [[0.37, 0.258, 0.191, 0.231], [0.425, 0.414, 0.5, 0.281], [0.5, 0.5, 0.308, 0.5], [0.184, 0.439, 0.231, 0.279], [0.432, 0.5, 0.311, 0.5], [0.431, 0.258, 0.5, 0.408], [0.5, 0.369, 0.384, 0.375]]
b [[0.467, 0.386, 0.348, 0.423], [0.256, 0.413, 0.461, 0.427], [0.14, 0.324, 0.5, 0.438], [0.153, 0.5, 0.303, 0.5], [0.5, 0.051, 0.5, 0.5], [0.421, 0.277, 0.475, 0.357], [0.3, 0.125, 0.497, 0.324]]
q [0.209, 0.026, 0.299, -0.01, -0.319, 0.142, -0.262]
******************** constraints violated *********************** :
- angle limits
[-0.8378627  -2.92249957 -0.98985776 -0.15480435 -1.18151743  0.22314516
 -1.38468543 -1.0273273  -0.63436079 -1.41183918 -3.46820345 -0.74300921
 -2.26782145]
- max velocity limits
- max torque limits
- collision constraints
 objective function value: 429.190278969 (last best: inf + 0)



call #16/104
wf 0.945716981425
a [[0.178, 0.303, 0.339, -0.191], [-0.197, -0.212, 0.5, -0.033], [-0.296, 0.032, 0.347, -0.044], [0.207, 0.099, 0.331, 0.238], [0.2, 0.3, 0.047, -0.117], [-0.27, 0.394, 0.015, 0.131], [0.474, 0.273, 0.35, -0.157]]
b [[0.5, -0.058, 0.344, 0.351], [0.494, 0.104, -0.05, -0.354], [0.234, -0.5, 0.374, 0.009], [0.019, 0.5, 0.5, 0.377], [0.062, 0.268, -0.325, 0.008], [-0.334, -0.097, -0.5, 0.296], [0.009, 0.324, 0.271, 0.395]]
q [-0.305, -0.409, 0.229, -0.002, -0.084, -0.019, -0.436]
******************** constraints violated *********************** :
- angle limits
[ 0.15357879 -3.16906843 -1.43191356 -2.18254449 -1.35225352  0.1882379
 -3.50556145 -3.10675401 -1.41107777 -1.55962911 -2.96958553 -1.63545286
 -3.00766838]
- max torque limits
- collision constraints
 objective function value: 373.433554414 (last best: inf + 0)



Outer Iteration: 1     [3. Inner Iteration]
call #17/104
wf 0.547393450758
a [[0.301, 0.5, 0.5, 0.331], [0.5, 0.317, 0.335, 0.5], [-0.419, 0.212, 0.5, 0.259], [0.433, 0.152, 0.438, 0.5], [0.238, -0.104, 0.278, 0.387], [0.5, -0.103, -0.135, -0.171], [0.205, 0.5, 0.399, 0.111]]
b [[0.5, 0.123, 0.5, 0.3], [0.252, 0.406, 0.257, 0.5], [0.5, -0.229, 0.251, 0.274], [0.5, 0.265, 0.13, 0.481], [0.5, 0.391, 0.5, 0.21], [0.5, 0.5, 0.362, 0.5], [0.395, 0.5, 0.185, 0.043]]
q [-0.436, -0.436, 0.097, -0.147, -0.33, -0.323, 0.241]
******************** constraints violated *********************** :
- angle limits
[ 1.38744221 -1.92600438  0.43472859  0.16595759  1.01700733 -1.28441056
 -3.74235036 -2.71132597 -1.2617173  -1.23532725 -3.24233493 -1.97034071
 -0.45031644]
- max velocity limits
- max torque limits
- collision constraints
 objective function value: 155.786261656 (last best: inf + 0)



call #18/104
wf 0.514915620242
a [[0.473, 0.16, 0.5, 0.122], [0.43, 0.281, 0.438, 0.256], [0.274, 0.383, 0.238, 0.349], [0.5, 0.5, 0.387, 0.231], [0.412, -0.198, -0.082, 0.315], [0.201, 0.238, 0.443, 0.455], [0.256, 0.382, 0.084, 0.411]]
b [[0.375, -0.187, 0.202, 0.367], [0.297, 0.156, 0.5, 0.5], [0.313, 0.432, 0.294, 0.414], [0.289, 0.385, 0.351, 0.419], [0.35, 0.5, 0.265, 0.309], [0.233, 0.367, -0.164, 0.5], [0.431, 0.237, 0.5, 0.306]]
q [0.113, -0.009, 0.033, -0.015, 0.028, -0.073, -0.088]
******************** constraints violated *********************** :
- angle limits
[-0.35471208 -1.33414085 -0.09887163 -1.54040498 -0.36694544  0.09468034
 -1.09817324 -0.95691413 -1.98598836 -0.72990709 -1.36084831 -1.3953682
 -1.481239  ]
- max velocity limits
- max torque limits
- collision constraints
 objective function value: 315.99697142 (last best: inf + 0)



call #19/104
wf 0.547302534642
a [[0.323, -0.047, 0.161, 0.257], [0.214, 0.283, 0.484, 0.194], [0.431, -0.036, 0.3, 0.448], [0.251, 0.147, 0.286, 0.241], [0.27, 0.428, -0.126, 0.429], [0.437, 0.28, 0.5, 0.335], [0.394, 0.239, 0.147, 0.296]]
b [[0.338, 0.307, 0.294, 0.352], [0.215, 0.285, 0.386, 0.353], [0.101, 0.313, 0.313, 0.383], [0.301, 0.486, 0.205, 0.419], [0.321, 0.228, 0.443, 0.406], [0.371, 0.178, 0.326, 0.312], [0.254, 0.103, 0.482, 0.35]]
q [0.132, -0.043, 0.031, 0.002, -0.199, 0.109, -0.002]
******************** constraints violated *********************** :
- max torque limits
- collision constraints
 objective function value: 430.32563476 (last best: inf + 0)



call #20/104
wf 0.703428661024
a [[0.218, 0.368, 0.306, -0.169], [-0.204, -0.027, 0.351, 0.139], [-0.051, -0.138, 0.487, 0.174], [0.05, 0.13, 0.075, -0.307], [0.317, 0.438, -0.193, -0.226], [0.321, 0.264, -0.21, 0.075], [0.496, 0.342, 0.052, 0.143]]
b [[0.457, 0.269, 0.291, 0.363], [-0.5, -0.5, -0.044, -0.5], [0.232, 0.063, 0.362, 0.264], [0.022, 0.437, 0.454, 0.395], [0.149, -0.15, -0.5, 0.238], [-0.423, -0.148, -0.306, 0.306], [-0.029, 0.286, 0.311, 0.447]]
q [-0.302, -0.038, 0.261, -0.04, 0.002, -0.049, -0.413]
******************** constraints violated *********************** :
- angle limits
[-1.14740781 -3.31214207 -1.23803628 -1.85150407 -1.12549224  0.24931623
 -3.51824602 -0.96983588 -1.38573777 -1.59036255 -2.50199657 -1.34995983
 -2.61032277]
- max torque limits
- collision constraints
 objective function value: 337.682823353 (last best: inf + 0)
