wf 0.5
a [[0.3, 0.3, 0.3, 0.3], [0.3, 0.3, 0.3, 0.3], [0.3, 0.3, 0.3, 0.3], [0.3, 0.3, 0.3, 0.3], [0.3, 0.3, 0.3, 0.3], [0.3, 0.3, 0.3, 0.3], [0.3, 0.3, 0.3, 0.3]]
b [[0.3, 0.3, 0.3, 0.3], [0.3, 0.3, 0.3, 0.3], [0.3, 0.3, 0.3, 0.3], [0.3, 0.3, 0.3, 0.3], [0.3, 0.3, 0.3, 0.3], [0.3, 0.3, 0.3, 0.3], [0.3, 0.3, 0.3, 0.3]]
q [0.0, 0.0, 0.0, 0.0, 0.0, 0.0, 0.0]
added cost: 291.204845321
 objective function value: 1126.35329757 (last best: inf + 0)



call #2/104
wf 0.806887990579
a [[-0.488, -0.154, 0.494, 0.426], [0.246, -0.01, -0.316, -0.286], [0.323, 0.214, -0.484, -0.304], [-0.335, 0.315, 0.234, 0.118], [-0.122, -0.147, 0.298, -0.42], [0.465, -0.253, 0.441, -0.127], [0.345, -0.324, -0.21, -0.271]]
b [[-0.176, -0.075, -0.1, -0.341], [-0.353, -0.215, 0.116, -0.394], [0.182, 0.065, -0.341, 0.496], [0.397, 0.081, 0.379, -0.195], [0.332, -0.371, 0.238, -0.122], [-0.097, -0.044, -0.354, 0.35], [-0.403, -0.176, 0.303, 0.356]]
q [-0.172, 0.013, -0.174, -0.107, 0.313, -0.389, -0.29]
added cost: 305.618552147
******************** constraints violated *********************** :
- angle limits
[-1.53957081 -1.39529982 -0.97736714 -3.74168523  0.15012049 -0.05908145
 -2.71107999 -1.36354334 -3.15748276 -1.77940075 -0.82582234 -2.82533947
 -2.59326239]
- collision constraints
 objective function value: 922.306718569 (last best: inf + 0)



call #3/104
wf 0.310851420198
a [[0.215, 0.255, -0.026, 0.084], [-0.468, 0.18, -0.253, -0.345], [0.11, -0.307, 0.45, -0.169], [-0.368, -0.012, -0.379, -0.25], [-0.179, -0.028, -0.083, -0.311], [-0.376, 0.336, 0.03, 0.313], [-0.168, -0.217, 0.281, -0.193]]
b [[-0.087, -0.22, -0.205, 0.14], [-0.478, -0.059, -0.352, -0.212], [0.337, -0.394, -0.264, -0.002], [0.343, -0.172, -0.468, -0.3], [0.25, -0.022, -0.435, 0.037], [-0.473, 0.243, 0.107, 0.04], [-0.048, -0.195, -0.364, -0.143]]
q [-0.376, -0.242, 0.43, -0.048, 0.235, -0.002, 0.021]
added cost: 276.75923277
******************** constraints violated *********************** :
- angle limits
[ 1.41071622 -3.4905568   0.61836014 -2.51767614  0.67042533 -0.94177969
 -3.26198425 -0.46679363  1.21761057 -0.25364169 -0.48310156 -0.13823178
 -0.969228  ]
- collision constraints
 objective function value: 585.05730099 (last best: inf + 0)



call #4/104
wf 0.933881552676
a [[0.127, -0.062, 0.464, -0.109], [-0.122, -0.447, -0.325, 0.417], [-0.156, -0.345, -0.035, 0.436], [-0.153, -0.187, 0.181, 0.231], [-0.482, -0.377, 0.107, 0.138], [0.074, -0.117, 0.403, -0.085], [-0.417, 0.357, -0.354, 0.346]]
b [[0.42, -0.485, 0.196, -0.337], [-0.394, 0.313, -0.357, -0.363], [0.326, -0.278, -0.258, 0.066], [-0.475, -0.296, -0.429, 0.11], [-0.098, 0.291, -0.137, 0.183], [-0.065, 0.069, 0.284, -0.174], [-0.434, -0.364, 0.168, -0.001]]
q [-0.203, -0.178, 0.097, 0.105, 0.193, -0.274, -0.204]
added cost: 308.070747639
 objective function value: 1279.78394032 (last best: inf + 0)



call #5/104
wf 0.300858255953
a [[-0.015, 0.081, 0.001, 0.256], [0.209, 0.287, 0.179, -0.215], [0.13, -0.055, 0.5, 0.13], [-0.166, 0.226, 0.279, 0.159], [0.065, 0.485, -0.01, 0.015], [0.042, 0.246, -0.05, 0.083], [0.155, 0.067, 0.091, 0.378]]
b [[-0.173, 0.083, 0.223, 0.031], [0.166, -0.039, 0.124, 0.24], [0.2, -0.233, 0.198, 0.301], [0.15, 0.278, 0.074, -0.124], [0.175, -0.151, 0.208, 0.301], [-0.351, 0.22, 0.331, 0.066], [0.052, -0.055, 0.209, 0.034]]
q [-0.148, -0.382, 0.198, -0.072, -0.007, -0.12, -0.12]
added cost: 299.414543197
******************** constraints violated *********************** :
- angle limits
[ 0.67221752 -2.60195729 -0.51039078 -1.83507599 -0.04616947 -0.72619003
 -2.81584647 -2.49181113 -0.52610174 -0.94084027 -1.63400821 -0.93245947
 -1.90235416]
- collision constraints
 objective function value: 827.210873714 (last best: inf + 0)



call #6/104
wf 0.574525334202
a [[-0.029, 0.256, 0.127, 0.5], [-0.304, -0.087, -0.066, -0.131], [0.189, -0.073, 0.228, -0.5], [-0.213, 0.287, -0.35, -0.048], [-0.188, -0.208, 0.278, -0.5], [-0.396, -0.194, 0.241, -0.199], [0.218, -0.19, -0.002, -0.016]]
b [[-0.043, -0.301, -0.228, -0.134], [-0.332, -0.373, 0.065, -0.013], [0.5, -0.044, -0.314, 0.301], [0.5, 0.079, -0.253, -0.5], [0.278, -0.062, 0.215, -0.172], [-0.5, 0.09, -0.188, 0.489], [-0.03, -0.238, -0.412, 0.021]]
q [-0.343, 0.006, -0.237, -0.229, 0.044, -0.206, -0.406]
added cost: 305.622135438
******************** constraints violated *********************** :
- angle limits
[-1.1559483  -1.03149037 -0.04249712 -2.35808034  0.01634575  0.16440929
 -3.57576046 -0.97177534 -2.52276214 -1.81267168 -1.84715028 -1.60265167
 -3.1174168 ]
- collision constraints
 objective function value: 1129.03673992 (last best: inf + 0)



call #7/104
wf 0.32778082844
a [[-0.297, 0.38, 0.5, 0.5], [-0.5, 0.208, 0.177, -0.5], [0.107, -0.122, 0.203, 0.045], [-0.033, 0.313, -0.5, 0.316], [-0.316, 0.079, 0.135, -0.052], [-0.21, 0.5, 0.156, 0.5], [-0.054, -0.5, 0.5, -0.11]]
b [[-0.331, -0.142, -0.243, -0.24], [-0.242, 0.5, -0.5, -0.5], [0.388, -0.5, -0.288, 0.435], [0.205, 0.02, -0.5, -0.311], [0.5, -0.5, -0.457, 0.011], [-0.5, -0.292, 0.002, 0.334], [-0.124, -0.302, 0.32, 0.387]]
q [-0.436, -0.436, 0.436, -0.058, -0.056, -0.436, 0.342]
added cost: 277.530459416
******************** constraints violated *********************** :
- angle limits
[ 1.46552059 -3.32471528 -0.74316938 -0.37587873  1.78222431 -2.03353128
 -2.5360816  -0.69015121  0.87878792 -0.72052305 -1.04348472 -1.28391737
  0.59307082]
- max velocity limits
- collision constraints
 objective function value: 375.139305758 (last best: inf + 0) 
