dataTime
0.0025
0.005
0.0075
0.01
0.0125
0.015
0.0175
0.02
0.0225
0.025
0.0275
0.03
0.0325
0.035
0.0375
0.04
0.0425
0.045
0.0475
0.05
0.0525
0.055
0.0575
0.06
0.0625
0.065
0.0675
0.07
0.0725
0.075
0.0775
0.08
0.0825
0.085
0.0875
0.09
0.0925
0.095
0.0975
0.1
0.1025
0.105
0.1075
0.11
0.1125
0.115
0.1175
0.12
0.1225
0.125
0.1275
0.13
0.1325
0.135
0.1375
0.14
0.1425
0.145
0.1475
0.15
0.1525
0.155
0.1575
0.16
0.1625
0.165
0.1675
0.17
0.1725
0.175
0.1775
0.18
0.1825
0.185
0.1875
0.19
0.1925
0.195
0.1975
0.2
0.2025
0.205
0.2075
0.21
0.2125
0.215
0.2175
0.22
0.2225
0.225
0.2275
0.23
0.2325
0.235
0.2375
0.24
0.2425
0.245
0.2475
0.25
0.2525
0.255
0.2575
0.26
0.2625
0.265
0.2675
0.27
0.2725
0.275
0.2775
0.28
0.2825
0.285
0.2875
0.29
0.2925
0.295
0.2975
0.3
0.3025
0.305
0.3075
0.31
0.3125
0.315
0.3175
0.32
0.3225
0.325
0.3275
0.33
0.3325
0.335
0.3375
0.34
0.3425
0.345
0.3475
0.35
0.3525
0.355
0.3575
0.36
0.3625
0.365
0.3675
0.37
0.3725
0.375
0.3775
0.38
0.3825
0.385
0.3875
0.39
0.3925
0.395
0.3975
0.4
0.4025
0.405
0.4075
0.41
0.4125
0.415
0.4175
0.42
0.4225
0.425
0.4275
0.43
0.4325
0.435
0.4375
0.44
0.4425
0.445
0.4475
0.45
0.4525
0.455
0.4575
0.46
0.4625
0.465
0.4675
0.47
0.4725
0.475
0.4775
0.48
0.4825
0.485
0.4875
0.49
0.4925
0.495
0.4975
0.5
0.5025
0.505
0.5075
0.51
0.5125
0.515
0.5175
0.52
0.5225
0.525
0.5275
0.53
0.5325
0.535
0.5375
0.54
0.5425
0.545
0.5475
0.55
0.5525
0.555
0.5575
0.56
0.5625
0.565
0.5675
0.57
0.5725
0.575
0.5775
0.58
0.5825
0.585
0.5875
0.59
0.5925
0.595
0.5975
0.6
0.6025
0.605
0.6075
0.61
0.6125
0.615
0.6175
0.62
0.6225
0.625
0.6275
0.63
0.6325
0.635
0.6375
0.64
0.6425
0.645
0.6475
0.65
0.6525
0.655
0.6575
0.66
0.6625
0.665
0.6675
0.67
0.6725
0.675
0.6775
0.68
0.6825
0.685
0.6875
0.69
0.6925
0.695
0.6975
0.7
0.7025
0.705
0.7075
0.71
0.7125
0.715
0.7175
0.72
0.7225
0.725
0.7275
0.73
0.7325
0.735
0.7375
0.74
0.7425
0.745
0.7475
0.75
0.7525
0.755
0.7575
0.76
0.7625
0.765
0.7675
0.77
0.7725
0.775
0.7775
0.78
0.7825
0.785
0.7875
0.79
0.7925
0.795
0.7975
0.8
0.8025
0.805
0.8075
0.81
0.8125
0.815
0.8175
0.82
0.8225
0.825
0.8275
0.83
0.8325
0.835
0.8375
0.84
0.8425
0.845
0.8475
0.85
0.8525
0.855
0.8575
0.86
0.8625
0.865
0.8675
0.87
0.8725
0.875
0.8775
0.88
0.8825
0.885
0.8875
0.89
0.8925
0.895
0.8975
0.9
0.9025
0.905
0.9075
0.91
0.9125
0.915
0.9175
0.92
0.9225
0.925
0.9275
0.93
0.9325
0.935
0.9375
0.94
0.9425
0.945
0.9475
0.95
0.9525
0.955
0.9575
0.96
0.9625
0.965
0.9675
0.97
0.9725
0.975
0.9775
0.98
0.9825
0.985
0.9875
0.99
0.9925
0.995
0.9975
1
1.0025
1.005
1.0075
1.01
1.0125
1.015
1.0175
1.02
1.0225
1.025
1.0275
1.03
1.0325
1.035
1.0375
1.04
1.0425
1.045
1.0475
1.05
1.0525
1.055
1.0575
1.06
1.0625
1.065
1.0675
1.07
1.0725
1.075
1.0775
1.08
1.0825
1.085
1.0875
1.09
1.0925
1.095
1.0975
1.1
1.1025
1.105
1.1075
1.11
1.1125
1.115
1.1175
1.12
1.1225
1.125
1.1275
1.13
1.1325
1.135
1.1375
1.14
1.1425
1.145
1.1475
1.15
1.1525
1.155
1.1575
1.16
1.1625
1.165
1.1675
1.17
1.1725
1.175
1.1775
1.18
1.1825
1.185
1.1875
1.19
1.1925
1.195
1.1975
1.2
1.2025
1.205
1.2075
1.21
1.2125
1.215
1.2175
1.22
1.2225
1.225
1.2275
1.23
1.2325
1.235
1.2375
1.24
1.2425
1.245
1.2475
1.25
1.2525
1.255
1.2575
1.26
1.2625
1.265
1.2675
1.27
1.2725
1.275
1.2775
1.28
1.2825
1.285
1.2875
1.29
1.2925
1.295
1.2975
1.3
1.3025
1.305
1.3075
1.31
1.3125
1.315
1.3175
1.32
1.3225
1.325
1.3275
1.33
1.3325
1.335
1.3375
1.34
1.3425
1.345
1.3475
1.35
1.3525
1.355
1.3575
1.36
1.3625
1.365
1.3675
1.37
1.3725
1.375
1.3775
1.38
1.3825
1.385
1.3875
1.39
1.3925
1.395
1.3975
1.4
1.4025
1.405
1.4075
1.41
1.4125
1.415
1.4175
1.42
1.4225
1.425
1.4275
1.43
1.4325
1.435
1.4375
1.44
1.4425
1.445
1.4475
1.45
1.4525
1.455
1.4575
1.46
1.4625
1.465
1.4675
1.47
1.4725
1.475
1.4775
1.48
1.4825
1.485
1.4875
1.49
1.4925
1.495
1.4975
1.5
1.5025
1.505
1.5075
1.51
1.5125
1.515
1.5175
1.52
1.5225
1.525
1.5275
1.53
1.5325
1.535
1.5375
1.54
1.5425
1.545
1.5475
1.55
1.5525
1.555
1.5575
1.56
1.5625
1.565
1.5675
1.57
1.5725
1.575
1.5775
1.58
1.5825
1.585
1.5875
1.59
1.5925
1.595
1.5975
1.6
1.6025
1.605
1.6075
1.61
1.6125
1.615
1.6175
1.62
1.6225
1.625
1.6275
1.63
1.6325
1.635
1.6375
1.64
1.6425
1.645
1.6475
1.65
1.6525
1.655
1.6575
1.66
1.6625
1.665
1.6675
1.67
1.6725
1.675
1.6775
1.68
1.6825
1.685
1.6875
1.69
1.6925
1.695
1.6975
1.7
1.7025
1.705
1.7075
1.71
1.7125
1.715
1.7175
1.72
1.7225
1.725
1.7275
1.73
1.7325
1.735
1.7375
1.74
1.7425
1.745
1.7475
1.75
1.7525
1.755
1.7575
1.76
1.7625
1.765
1.7675
1.77
1.7725
1.775
1.7775
1.78
1.7825
1.785
1.7875
1.79
1.7925
1.795
1.7975
1.8
1.8025
1.805
1.8075
1.81
1.8125
1.815
1.8175
1.82
1.8225
1.825
1.8275
1.83
1.8325
1.835
1.8375
1.84
1.8425
1.845
1.8475
1.85
1.8525
1.855
1.8575
1.86
1.8625
1.865
1.8675
1.87
1.8725
1.875
1.8775
1.88
1.8825
1.885
1.8875
1.89
1.8925
1.895
1.8975
1.9
1.9025
1.905
1.9075
1.91
1.9125
1.915
1.9175
1.92
1.9225
1.925
1.9275
1.93
1.9325
1.935
1.9375
1.94
1.9425
1.945
1.9475
1.95
1.9525
1.955
1.9575
1.96
1.9625
1.965
1.9675
1.97
1.9725
1.975
1.9775
1.98
1.9825
1.985
1.9875
1.99
1.9925
1.995
1.9975
2
2.0025
2.005
2.0075
2.01
2.0125
2.015
2.0175
2.02
2.0225
2.025
2.0275
2.03
2.0325
2.035
2.0375
2.04
2.0425
2.045
2.0475
2.05
2.0525
2.055
2.0575
2.06
2.0625
2.065
2.0675
2.07
2.0725
2.075
2.0775
2.08
2.0825
2.085
2.0875
2.09
2.0925
2.095
2.0975
2.1
2.1025
2.105
2.1075
2.11
2.1125
2.115
2.1175
2.12
2.1225
2.125
2.1275
2.13
2.1325
2.135
2.1375
2.14
2.1425
2.145
2.1475
2.15
2.1525
2.155
2.1575
2.16
2.1625
2.165
2.1675
2.17
2.1725
2.175
2.1775
2.18
2.1825
2.185
2.1875
2.19
2.1925
2.195
2.1975
2.2
2.2025
2.205
2.2075
2.21
2.2125
2.215
2.2175
2.22
2.2225
2.225
2.2275
2.23
2.2325
2.235
2.2375
2.24
2.2425
2.245
2.2475
2.25
2.2525
2.255
2.2575
2.26
2.2625
2.265
2.2675
2.27
2.2725
2.275
2.2775
2.28
2.2825
2.285
2.2875
2.29
2.2925
2.295
2.2975
2.3
2.3025
2.305
2.3075
2.31
2.3125
2.315
2.3175
2.32
2.3225
2.325
2.3275
2.33
2.3325
2.335
2.3375
2.34
2.3425
2.345
2.3475
2.35
2.3525
2.355
2.3575
2.36
2.3625
2.365
2.3675
2.37
2.3725
2.375
2.3775
2.38
2.3825
2.385
2.3875
2.39
2.3925
2.395
2.3975
2.4
2.4025
2.405
2.4075
2.41
2.4125
2.415
2.4175
2.42
2.4225
2.425
2.4275
2.43
2.4325
2.435
2.4375
2.44
2.4425
2.445
2.4475
2.45
2.4525
2.455
2.4575
2.46
2.4625
2.465
2.4675
2.47
2.4725
2.475
2.4775
2.48
2.4825
2.485
2.4875
2.49
2.4925
2.495
2.4975
2.5
2.5025
2.505
2.5075
2.51
2.5125
2.515
2.5175
2.52
2.5225
2.525
2.5275
2.53
2.5325
2.535
2.5375
2.54
2.5425
2.545
2.5475
2.55
2.5525
2.555
2.5575
2.56
2.5625
2.565
2.5675
2.57
2.5725
2.575
2.5775
2.58
2.5825
2.585
2.5875
2.59
2.5925
2.595
2.5975
2.6
2.6025
2.605
2.6075
2.61
2.6125
2.615
2.6175
2.62
2.6225
2.625
2.6275
2.63
2.6325
2.635
2.6375
2.64
2.6425
2.645
2.6475
2.65
2.6525
2.655
2.6575
2.66
2.6625
2.665
2.6675
2.67
2.6725
2.675
2.6775
2.68
2.6825
2.685
2.6875
2.69
2.6925
2.695
2.6975
2.7
2.7025
2.705
2.7075
2.71
2.7125
2.715
2.7175
2.72
2.7225
2.725
2.7275
2.73
2.7325
2.735
2.7375
2.74
2.7425
2.745
2.7475
2.75
2.7525
2.755
2.7575
2.76
2.7625
2.765
2.7675
2.77
2.7725
2.775
2.7775
2.78
2.7825
2.785
2.7875
2.79
2.7925
2.795
2.7975
2.8
2.8025
2.805
2.8075
2.81
2.8125
2.815
2.8175
2.82
2.8225
2.825
2.8275
2.83
2.8325
2.835
2.8375
2.84
2.8425
2.845
2.8475
2.85
2.8525
2.855
2.8575
2.86
2.8625
2.865
2.8675
2.87
2.8725
2.875
2.8775
2.88
2.8825
2.885
2.8875
2.89
2.8925
2.895
2.8975
2.9
2.9025
2.905
2.9075
2.91
2.9125
2.915
2.9175
2.92
2.9225
2.925
2.9275
2.93
2.9325
2.935
2.9375
2.94
2.9425
2.945
2.9475
2.95
2.9525
2.955
2.9575
2.96
2.9625
2.965
2.9675
2.97
2.9725
2.975
2.9775
2.98
2.9825
2.985
2.9875
2.99
2.9925
2.995
2.9975
3
3.0025
3.005
3.0075
3.01
3.0125
3.015
3.0175
3.02
3.0225
3.025
3.0275
3.03
3.0325
3.035
3.0375
3.04
3.0425
3.045
3.0475
3.05
3.0525
3.055
3.0575
3.06
3.0625
3.065
3.0675
3.07
3.0725
3.075
3.0775
3.08
3.0825
3.085
3.0875
3.09
3.0925
3.095
3.0975
3.1
3.1025
3.105
3.1075
3.11
3.1125
3.115
3.1175
3.12
3.1225
3.125
3.1275
3.13
3.1325
3.135
3.1375
3.14
3.1425
3.145
3.1475
3.15
3.1525
3.155
3.1575
3.16
3.1625
3.165
3.1675
3.17
3.1725
3.175
3.1775
3.18
3.1825
3.185
3.1875
3.19
3.1925
3.195
3.1975
3.2
3.2025
3.205
3.2075
3.21
3.2125
3.215
3.2175
3.22
3.2225
3.225
3.2275
3.23
3.2325
3.235
3.2375
3.24
3.2425
3.245
3.2475
3.25
3.2525
3.255
3.2575
3.26
3.2625
3.265
3.2675
3.27
3.2725
3.275
3.2775
3.28
3.2825
3.285
3.2875
3.29
3.2925
3.295
3.2975
3.3
3.3025
3.305
3.3075
3.31
3.3125
3.315
3.3175
3.32
3.3225
3.325
3.3275
3.33
3.3325
3.335
3.3375
3.34
3.3425
3.345
3.3475
3.35
3.3525
3.355
3.3575
3.36
3.3625
3.365
3.3675
3.37
3.3725
3.375
3.3775
3.38
3.3825
3.385
3.3875
3.39
3.3925
3.395
3.3975
3.4
3.4025
3.405
3.4075
3.41
3.4125
3.415
3.4175
3.42
3.4225
3.425
3.4275
3.43
3.4325
3.435
3.4375
3.44
3.4425
3.445
3.4475
3.45
3.4525
3.455
3.4575
3.46
3.4625
3.465
3.4675
3.47
3.4725
3.475
3.4775
3.48
3.4825
3.485
3.4875
3.49
3.4925
3.495
3.4975
3.5
3.5025
3.505
3.5075
3.51
3.5125
3.515
3.5175
3.52
3.5225
3.525
3.5275
3.53
3.5325
3.535
3.5375
3.54
3.5425
3.545
3.5475
3.55
3.5525
3.555
3.5575
3.56
3.5625
3.565
3.5675
3.57
3.5725
3.575
3.5775
3.58
3.5825
3.585
3.5875
3.59
3.5925
3.595
3.5975
3.6
3.6025
3.605
3.6075
3.61
3.6125
3.615
3.6175
3.62
3.6225
3.625
3.6275
3.63
3.6325
3.635
3.6375
3.64
3.6425
3.645
3.6475
3.65
3.6525
3.655
3.6575
3.66
3.6625
3.665
3.6675
3.67
3.6725
3.675
3.6775
3.68
3.6825
3.685
3.6875
3.69
3.6925
3.695
3.6975
3.7
3.7025
3.705
3.7075
3.71
3.7125
3.715
3.7175
3.72
3.7225
3.725
3.7275
3.73
3.7325
3.735
3.7375
3.74
3.7425
3.745
3.7475
3.75
3.7525
3.755
3.7575
3.76
3.7625
3.765
3.7675
3.77
3.7725
3.775
3.7775
3.78
3.7825
3.785
3.7875
3.79
3.7925
3.795
3.7975
3.8
3.8025
3.805
3.8075
3.81
3.8125
3.815
3.8175
3.82
3.8225
3.825
3.8275
3.83
3.8325
3.835
3.8375
3.84
3.8425
3.845
3.8475
3.85
3.8525
3.855
3.8575
3.86
3.8625
3.865
3.8675
3.87
3.8725
3.875
3.8775
3.88
3.8825
3.885
3.8875
3.89
3.8925
3.895
3.8975
3.9
3.9025
3.905
3.9075
3.91
3.9125
3.915
3.9175
3.92
3.9225
3.925
3.9275
3.93
3.9325
3.935
3.9375
3.94
3.9425
3.945
3.9475
3.95
3.9525
3.955
3.9575
3.96
3.9625
3.965
3.9675
3.97
3.9725
3.975
3.9775
3.98
3.9825
3.985
3.9875
3.99
3.9925
3.995
3.9975
4
4.0025
4.005
4.0075
4.01
4.0125
4.015
4.0175
4.02
4.0225
4.025
4.0275
4.03
4.0325
4.035
4.0375
4.04
4.0425
4.045
4.0475
4.05
4.0525
4.055
4.0575
4.06
4.0625
4.065
4.0675
4.07
4.0725
4.075
4.0775
4.08
4.0825
4.085
4.0875
4.09
4.0925
4.095
4.0975
4.1
4.1025
4.105
4.1075
4.11
4.1125
4.115
4.1175
4.12
4.1225
4.125
4.1275
4.13
4.1325
4.135
4.1375
4.14
4.1425
4.145
4.1475
4.15
4.1525
4.155
4.1575
4.16
4.1625
4.165
4.1675
4.17
4.1725
4.175
4.1775
4.18
4.1825
4.185
4.1875
4.19
4.1925
4.195
4.1975
4.2
4.2025
4.205
4.2075
4.21
4.2125
4.215
4.2175
4.22
4.2225
4.225
4.2275
4.23
4.2325
4.235
4.2375
4.24
4.2425
4.245
4.2475
4.25
4.2525
4.255
4.2575
4.26
4.2625
4.265
4.2675
4.27
4.2725
4.275
4.2775
4.28
4.2825
4.285
4.2875
4.29
4.2925
4.295
4.2975
4.3
4.3025
4.305
4.3075
4.31
4.3125
4.315
4.3175
4.32
4.3225
4.325
4.3275
4.33
4.3325
4.335
4.3375
4.34
4.3425
4.345
4.3475
4.35
4.3525
4.355
4.3575
4.36
4.3625
4.365
4.3675
4.37
4.3725
4.375
4.3775
4.38
4.3825
4.385
4.3875
4.39
4.3925
4.395
4.3975
4.4
4.4025
4.405
4.4075
4.41
4.4125
4.415
4.4175
4.42
4.4225
4.425
4.4275
4.43
4.4325
4.435
4.4375
4.44
4.4425
4.445
4.4475
4.45
4.4525
4.455
4.4575
4.46
4.4625
4.465
4.4675
4.47
4.4725
4.475
4.4775
4.48
4.4825
4.485
4.4875
4.49
4.4925
4.495
4.4975
4.5
4.5025
4.505
4.5075
4.51
4.5125
4.515
4.5175
4.52
4.5225
4.525
4.5275
4.53
4.5325
4.535
4.5375
4.54
4.5425
4.545
4.5475
4.55
4.5525
4.555
4.5575
4.56
4.5625
4.565
4.5675
4.57
4.5725
4.575
4.5775
4.58
4.5825
4.585
4.5875
4.59
4.5925
4.595
4.5975
4.6
4.6025
4.605
4.6075
4.61
4.6125
4.615
4.6175
4.62
4.6225
4.625
4.6275
4.63
4.6325
4.635
4.6375
4.64
4.6425
4.645
4.6475
4.65
4.6525
4.655
4.6575
4.66
4.6625
4.665
4.6675
4.67
4.6725
4.675
4.6775
4.68
4.6825
4.685
4.6875
4.69
4.6925
4.695
4.6975
4.7
4.7025
4.705
4.7075
4.71
4.7125
4.715
4.7175
4.72
4.7225
4.725
4.7275
4.73
4.7325
4.735
4.7375
4.74
4.7425
4.745
4.7475
4.75
4.7525
4.755
4.7575
4.76
4.7625
4.765
4.7675
4.77
4.7725
4.775
4.7775
4.78
4.7825
4.785
4.7875
4.79
4.7925
4.795
4.7975
4.8
4.8025
4.805
4.8075
4.81
4.8125
4.815
4.8175
4.82
4.8225
4.825
4.8275
4.83
4.8325
4.835
4.8375
4.84
4.8425
4.845
4.8475
4.85
4.8525
4.855
4.8575
4.86
4.8625
4.865
4.8675
4.87
4.8725
4.875
4.8775
4.88
4.8825
4.885
4.8875
4.89
4.8925
4.895
4.8975
4.9
4.9025
4.905
4.9075
4.91
4.9125
4.915
4.9175
4.92
4.9225
4.925
4.9275
4.93
4.9325
4.935
4.9375
4.94
4.9425
4.945
4.9475
4.95
4.9525
4.955
4.9575
4.96
4.9625
4.965
4.9675
4.97
4.9725
4.975
4.9775
4.98
4.9825
4.985
4.9875
4.99
4.9925
4.995
4.9975
5
5.0025
5.005
5.0075
5.01
5.0125
5.015
5.0175
5.02
5.0225
5.025
5.0275
5.03
5.0325
5.035
5.0375
5.04
5.0425
5.045
5.0475
5.05
5.0525
5.055
5.0575
5.06
5.0625
5.065
5.0675
5.07
5.0725
5.075
5.0775
5.08
5.0825
5.085
5.0875
5.09
5.0925
5.095
5.0975
5.1
5.1025
5.105
5.1075
5.11
5.1125
5.115
5.1175
5.12
5.1225
5.125
5.1275
5.13
5.1325
5.135
5.1375
5.14
5.1425
5.145
5.1475
5.15
5.1525
5.155
5.1575
5.16
5.1625
5.165
5.1675
5.17
5.1725
5.175
5.1775
5.18
5.1825
5.185
5.1875
5.19
5.1925
5.195
5.1975
5.2
5.2025
5.205
5.2075
5.21
5.2125
5.215
5.2175
5.22
5.2225
5.225
5.2275
5.23
5.2325
5.235
5.2375
5.24
5.2425
5.245
5.2475
5.25
5.2525
5.255
5.2575
5.26
5.2625
5.265
5.2675
5.27
5.2725
5.275
5.2775
5.28
5.2825
5.285
5.2875
5.29
5.2925
5.295
5.2975
5.3
5.3025
5.305
5.3075
5.31
5.3125
5.315
5.3175
5.32
5.3225
5.325
5.3275
5.33
5.3325
5.335
5.3375
5.34
5.3425
5.345
5.3475
5.35
5.3525
5.355
5.3575
5.36
5.3625
5.365
5.3675
5.37
5.3725
5.375
5.3775
5.38
5.3825
5.385
5.3875
5.39
5.3925
5.395
5.3975
5.4
5.4025
5.405
5.4075
5.41
5.4125
5.415
5.4175
5.42
5.4225
5.425
5.4275
5.43
5.4325
5.435
5.4375
5.44
5.4425
5.445
5.4475
5.45
5.4525
5.455
5.4575
5.46
5.4625
5.465
5.4675
5.47
5.4725
5.475
5.4775
5.48
5.4825
5.485
5.4875
5.49
5.4925
5.495
5.4975
5.5
5.5025
5.505
5.5075
5.51
5.5125
5.515
5.5175
5.52
5.5225
5.525
5.5275
5.53
5.5325
5.535
5.5375
5.54
5.5425
5.545
5.5475
5.55
5.5525
5.555
5.5575
5.56
5.5625
5.565
5.5675
5.57
5.5725
5.575
5.5775
5.58
5.5825
5.585
5.5875
5.59
5.5925
5.595
5.5975
5.6
5.6025
5.605
5.6075
5.61
5.6125
5.615
5.6175
5.62
5.6225
5.625
5.6275
5.63
5.6325
5.635
5.6375
5.64
5.6425
5.645
5.6475
5.65
5.6525
5.655
5.6575
5.66
5.6625
5.665
5.6675
5.67
5.6725
5.675
5.6775
5.68
5.6825
5.685
5.6875
5.69
5.6925
5.695
5.6975
5.7
5.7025
5.705
5.7075
5.71
5.7125
5.715
5.7175
5.72
5.7225
5.725
5.7275
5.73
5.7325
5.735
5.7375
5.74
5.7425
5.745
5.7475
5.75
5.7525
5.755
5.7575
5.76
5.7625
5.765
5.7675
5.77
5.7725
5.775
5.7775
5.78
5.7825
5.785
5.7875
5.79
5.7925
5.795
5.7975
5.8
5.8025
5.805
5.8075
5.81
5.8125
5.815
5.8175
5.82
5.8225
5.825
5.8275
5.83
5.8325
5.835
5.8375
5.84
5.8425
5.845
5.8475
5.85
5.8525
5.855
5.8575
5.86
5.8625
5.865
5.8675
5.87
5.8725
5.875
5.8775
5.88
5.8825
5.885
5.8875
5.89
5.8925
5.895
5.8975
5.9
5.9025
5.905
5.9075
5.91
5.9125
5.915
5.9175
5.92
5.9225
5.925
5.9275
5.93
5.9325
5.935
5.9375
5.94
5.9425
5.945
5.9475
5.95
5.9525
5.955
5.9575
5.96
5.9625
5.965
5.9675
5.97
5.9725
5.975
5.9775
5.98
5.9825
5.985
5.9875
5.99
5.9925
5.995
5.9975
6
6.0025
6.005
6.0075
6.01
6.0125
6.015
6.0175
6.02
6.0225
6.025
6.0275
6.03
6.0325
6.035
6.0375
6.04
6.0425
6.045
6.0475
6.05
6.0525
6.055
6.0575
6.06
6.0625
6.065
6.0675
6.07
6.0725
6.075
6.0775
6.08
6.0825
6.085
6.0875
6.09
6.0925
6.095
6.0975
6.1
6.1025
6.105
6.1075
6.11
6.1125
6.115
6.1175
6.12
6.1225
6.125
6.1275
6.13
6.1325
6.135
6.1375
6.14
6.1425
6.145
6.1475
6.15
6.1525
6.155
6.1575
6.16
6.1625
6.165
6.1675
6.17
6.1725
6.175
6.1775
6.18
6.1825
6.185
6.1875
6.19
6.1925
6.195
6.1975
6.2
6.2025
6.205
6.2075
6.21
6.2125
6.215
6.2175
6.22
6.2225
6.225
6.2275
6.23
6.2325
6.235
6.2375
6.24
6.2425
6.245
6.2475
6.25
6.2525
6.255
6.2575
6.26
6.2625
6.265
6.2675
6.27
6.2725
6.275
6.2775
6.28
6.2825
6.285
6.2875
6.29
6.2925
6.295
6.2975
6.3
6.3025
6.305
6.3075
6.31
6.3125
6.315
6.3175
6.32
6.3225
6.325
6.3275
6.33
6.3325
6.335
6.3375
6.34
6.3425
6.345
6.3475
6.35
6.3525
6.355
6.3575
6.36
6.3625
6.365
6.3675
6.37
6.3725
6.375
6.3775
6.38
6.3825
6.385
6.3875
6.39
6.3925
6.395
6.3975
6.4
6.4025
6.405
6.4075
6.41
6.4125
6.415
6.4175
6.42
6.4225
6.425
6.4275
6.43
6.4325
6.435
6.4375
6.44
6.4425
6.445
6.4475
6.45
6.4525
6.455
6.4575
6.46
6.4625
6.465
6.4675
6.47
6.4725
6.475
6.4775
6.48
6.4825
6.485
6.4875
6.49
6.4925
6.495
6.4975
6.5
6.5025
6.505
6.5075
6.51
6.5125
6.515
6.5175
6.52
6.5225
6.525
6.5275
6.53
6.5325
6.535
6.5375
6.54
6.5425
6.545
6.5475
6.55
6.5525
6.555
6.5575
6.56
6.5625
6.565
6.5675
6.57
6.5725
6.575
6.5775
6.58
6.5825
6.585
6.5875
6.59
6.5925
6.595
6.5975
6.6
6.6025
6.605
6.6075
6.61
6.6125
6.615
6.6175
6.62
6.6225
6.625
6.6275
6.63
6.6325
6.635
6.6375
6.64
6.6425
6.645
6.6475
6.65
6.6525
6.655
6.6575
6.66
6.6625
6.665
6.6675
6.67
6.6725
6.675
6.6775
6.68
6.6825
6.685
6.6875
6.69
6.6925
6.695
6.6975
6.7
6.7025
6.705
6.7075
6.71
6.7125
6.715
6.7175
6.72
6.7225
6.725
6.7275
6.73
6.7325
6.735
6.7375
6.74
6.7425
6.745
6.7475
6.75
6.7525
6.755
6.7575
6.76
6.7625
6.765
6.7675
6.77
6.7725
6.775
6.7775
6.78
6.7825
6.785
6.7875
6.79
6.7925
6.795
6.7975
6.8
6.8025
6.805
6.8075
6.81
6.8125
6.815
6.8175
6.82
6.8225
6.825
6.8275
6.83
6.8325
6.835
6.8375
6.84
6.8425
6.845
6.8475
6.85
6.8525
6.855
6.8575
6.86
6.8625
6.865
6.8675
6.87
6.8725
6.875
6.8775
6.88
6.8825
6.885
6.8875
6.89
6.8925
6.895
6.8975
6.9
6.9025
6.905
6.9075
6.91
6.9125
6.915
6.9175
6.92
6.9225
6.925
6.9275
6.93
6.9325
6.935
6.9375
6.94
6.9425
6.945
6.9475
6.95
6.9525
6.955
6.9575
6.96
6.9625
6.965
6.9675
6.97
6.9725
6.975
6.9775
6.98
6.9825
6.985
6.9875
6.99
6.9925
6.995
6.9975
7
7.0025
7.005
7.0075
7.01
7.0125
7.015
7.0175
7.02
7.0225
7.025
7.0275
7.03
7.0325
7.035
7.0375
7.04
7.0425
7.045
7.0475
7.05
7.0525
7.055
7.0575
7.06
7.0625
7.065
7.0675
7.07
7.0725
7.075
7.0775
7.08
7.0825
7.085
7.0875
7.09
7.0925
7.095
7.0975
7.1
7.1025
7.105
7.1075
7.11
7.1125
7.115
7.1175
7.12
7.1225
7.125
7.1275
7.13
7.1325
7.135
7.1375
7.14
7.1425
7.145
7.1475
7.15
7.1525
7.155
7.1575
7.16
7.1625
7.165
7.1675
7.17
7.1725
7.175
7.1775
7.18
7.1825
7.185
7.1875
7.19
7.1925
7.195
7.1975
7.2
7.2025
7.205
7.2075
7.21
7.2125
7.215
7.2175
7.22
7.2225
7.225
7.2275
7.23
7.2325
7.235
7.2375
7.24
7.2425
7.245
7.2475
7.25
7.2525
7.255
7.2575
7.26
7.2625
7.265
7.2675
7.27
7.2725
7.275
7.2775
7.28
7.2825
7.285
7.2875
7.29
7.2925
7.295
7.2975
7.3
7.3025
7.305
7.3075
7.31
7.3125
7.315
7.3175
7.32
7.3225
7.325
7.3275
7.33
7.3325
7.335
7.3375
7.34
7.3425
7.345
7.3475
7.35
7.3525
7.355
7.3575
7.36
7.3625
7.365
7.3675
7.37
7.3725
7.375
7.3775
7.38
7.3825
7.385
7.3875
7.39
7.3925
7.395
7.3975
7.4
7.4025
7.405
7.4075
7.41
7.4125
7.415
7.4175
7.42
7.4225
7.425
7.4275
7.43
7.4325
7.435
7.4375
7.44
7.4425
7.445
7.4475
7.45
7.4525
7.455
7.4575
7.46
7.4625
7.465
7.4675
7.47
7.4725
7.475
7.4775
7.48
7.4825
7.485
7.4875
7.49
7.4925
7.495
7.4975
7.5
7.5025
7.505
7.5075
7.51
7.5125
7.515
7.5175
7.52
7.5225
7.525
7.5275
7.53
7.5325
7.535
7.5375
7.54
7.5425
7.545
7.5475
7.55
7.5525
7.555
7.5575
7.56
7.5625
7.565
7.5675
7.57
7.5725
7.575
7.5775
7.58
7.5825
7.585
7.5875
7.59
7.5925
7.595
7.5975
7.6
7.6025
7.605
7.6075
7.61
7.6125
7.615
7.6175
7.62
7.6225
7.625
7.6275
7.63
7.6325
7.635
7.6375
7.64
7.6425
7.645
7.6475
7.65
7.6525
7.655
7.6575
7.66
7.6625
7.665
7.6675
7.67
7.6725
7.675
7.6775
7.68
7.6825
7.685
7.6875
7.69
7.6925
7.695
7.6975
7.7
7.7025
7.705
7.7075
7.71
7.7125
7.715
7.7175
7.72
7.7225
7.725
7.7275
7.73
7.7325
7.735
7.7375
7.74
7.7425
7.745
7.7475
7.75
7.7525
7.755
7.7575
7.76
7.7625
7.765
7.7675
7.77
7.7725
7.775
7.7775
7.78
7.7825
7.785
7.7875
7.79
7.7925
7.795
7.7975
7.8
7.8025
7.805
7.8075
7.81
7.8125
7.815
7.8175
7.82
7.8225
7.825
7.8275
7.83
7.8325
7.835
7.8375
7.84
7.8425
7.845
7.8475
7.85
7.8525
7.855
7.8575
7.86
7.8625
7.865
7.8675
7.87
7.8725
7.875
7.8775
7.88
7.8825
7.885
7.8875
7.89
7.8925
7.895
7.8975
7.9
7.9025
7.905
7.9075
7.91
7.9125
7.915
7.9175
7.92
7.9225
7.925
7.9275
7.93
7.9325
7.935
7.9375
7.94
7.9425
7.945
7.9475
7.95
7.9525
7.955
7.9575
7.96
7.9625
7.965
7.9675
7.97
7.9725
7.975
7.9775
7.98
7.9825
7.985
7.9875
7.99
7.9925
7.995
7.9975
8
8.0025
8.005
8.0075
8.01
8.0125
8.015
8.0175
8.02
8.0225
8.025
8.0275
8.03
8.0325
8.035
8.0375
8.04
8.0425
8.045
8.0475
8.05
8.0525
8.055
8.0575
8.06
8.0625
8.065
8.0675
8.07
8.0725
8.075
8.0775
8.08
8.0825
8.085
8.0875
8.09
8.0925
8.095
8.0975
8.1
8.1025
8.105
8.1075
8.11
8.1125
8.115
8.1175
8.12
8.1225
8.125
8.1275
8.13
8.1325
8.135
8.1375
8.14
8.1425
8.145
8.1475
8.15
8.1525
8.155
8.1575
8.16
8.1625
8.165
8.1675
8.17
8.1725
8.175
8.1775
8.18
8.1825
8.185
8.1875
8.19
8.1925
8.195
8.1975
8.2
8.2025
8.205
8.2075
8.21
8.2125
8.215
8.2175
8.22
8.2225
8.225
8.2275
8.23
8.2325
8.235
8.2375
8.24
8.2425
8.245
8.2475
8.25
8.2525
8.255
8.2575
8.26
8.2625
8.265
8.2675
8.27
8.2725
8.275
8.2775
8.28
8.2825
8.285
8.2875
8.29
8.2925
8.295
8.2975
8.3
8.3025
8.305
8.3075
8.31
8.3125
8.315
8.3175
8.32
8.3225
8.325
8.3275
8.33
8.3325
8.335
8.3375
8.34
8.3425
8.345
8.3475
8.35
8.3525
8.355
8.3575
8.36
8.3625
8.365
8.3675
8.37
8.3725
8.375
8.3775
8.38
8.3825
8.385
8.3875
8.39
8.3925
8.395
8.3975
8.4
8.4025
8.405
8.4075
8.41
8.4125
8.415
8.4175
8.42
8.4225
8.425
8.4275
8.43
8.4325
8.435
8.4375
8.44
8.4425
8.445
8.4475
8.45
8.4525
8.455
8.4575
8.46
8.4625
8.465
8.4675
8.47
8.4725
8.475
8.4775
8.48
8.4825
8.485
8.4875
8.49
8.4925
8.495
8.4975
8.5
8.5025
8.505
8.5075
8.51
8.5125
8.515
8.5175
8.52
8.5225
8.525
8.5275
8.53
8.5325
8.535
8.5375
8.54
8.5425
8.545
8.5475
8.55
8.5525
8.555
8.5575
8.56
8.5625
8.565
8.5675
8.57
8.5725
8.575
8.5775
8.58
8.5825
8.585
8.5875
8.59
8.5925
8.595
8.5975
8.6
8.6025
8.605
8.6075
8.61
8.6125
8.615
8.6175
8.62
8.6225
8.625
8.6275
8.63
8.6325
8.635
8.6375
8.64
8.6425
8.645
8.6475
8.65
8.6525
8.655
8.6575
8.66
8.6625
8.665
8.6675
8.67
8.6725
8.675
8.6775
8.68
8.6825
8.685
8.6875
8.69
8.6925
8.695
8.6975
8.7
8.7025
8.705
8.7075
8.71
8.7125
8.715
8.7175
8.72
8.7225
8.725
8.7275
8.73
8.7325
8.735
8.7375
8.74
8.7425
8.745
8.7475
8.75
8.7525
8.755
8.7575
8.76
8.7625
8.765
8.7675
8.77
8.7725
8.775
8.7775
8.78
8.7825
8.785
8.7875
8.79
8.7925
8.795
8.7975
8.8
8.8025
8.805
8.8075
8.81
8.8125
8.815
8.8175
8.82
8.8225
8.825
8.8275
8.83
8.8325
8.835
8.8375
8.84
8.8425
8.845
8.8475
8.85
8.8525
8.855
8.8575
8.86
8.8625
8.865
8.8675
8.87
8.8725
8.875
8.8775
8.88
8.8825
8.885
8.8875
8.89
8.8925
8.895
8.8975
8.9
8.9025
8.905
8.9075
8.91
8.9125
8.915
8.9175
8.92
8.9225
8.925
8.9275
8.93
8.9325
8.935
8.9375
8.94
8.9425
8.945
8.9475
8.95
8.9525
8.955
8.9575
8.96
8.9625
8.965
8.9675
8.97
8.9725
8.975
8.9775
8.98
8.9825
8.985
8.9875
8.99
8.9925
8.995
8.9975
9
9.0025
9.005
9.0075
9.01
9.0125
9.015
9.0175
9.02
9.0225
9.025
9.0275
9.03
9.0325
9.035
9.0375
9.04
9.0425
9.045
9.0475
9.05
9.0525
9.055
9.0575
9.06
9.0625
9.065
9.0675
9.07
9.0725
9.075
9.0775
9.08
9.0825
9.085
9.0875
9.09
9.0925
9.095
9.0975
9.1
9.1025
9.105
9.1075
9.11
9.1125
9.115
9.1175
9.12
9.1225
9.125
9.1275
9.13
9.1325
9.135
9.1375
9.14
9.1425
9.145
9.1475
9.15
9.1525
9.155
9.1575
9.16
9.1625
9.165
9.1675
9.17
9.1725
9.175
9.1775
9.18
9.1825
9.185
9.1875
9.19
9.1925
9.195
9.1975
9.2
9.2025
9.205
9.2075
9.21
9.2125
9.215
9.2175
9.22
9.2225
9.225
9.2275
9.23
9.2325
9.235
9.2375
9.24
9.2425
9.245
9.2475
9.25
9.2525
9.255
9.2575
9.26
9.2625
9.265
9.2675
9.27
9.2725
9.275
9.2775
9.28
9.2825
9.285
9.2875
9.29
9.2925
9.295
9.2975
9.3
9.3025
9.305
9.3075
9.31
9.3125
9.315
9.3175
9.32
9.3225
9.325
9.3275
9.33
9.3325
9.335
9.3375
9.34
9.3425
9.345
9.3475
9.35
9.3525
9.355
9.3575
9.36
9.3625
9.365
9.3675
9.37
9.3725
9.375
9.3775
9.38
9.3825
9.385
9.3875
9.39
9.3925
9.395
9.3975
9.4
9.4025
9.405
9.4075
9.41
9.4125
9.415
9.4175
9.42
9.4225
9.425
9.4275
9.43
9.4325
9.435
9.4375
9.44
9.4425
9.445
9.4475
9.45
9.4525
9.455
9.4575
9.46
9.4625
9.465
9.4675
9.47
9.4725
9.475
9.4775
9.48
9.4825
9.485
9.4875
9.49
9.4925
9.495
9.4975
9.5
9.5025
9.505
9.5075
9.51
9.5125
9.515
9.5175
9.52
9.5225
9.525
9.5275
9.53
9.5325
9.535
9.5375
9.54
9.5425
9.545
9.5475
9.55
9.5525
9.555
9.5575
9.56
9.5625
9.565
9.5675
9.57
9.5725
9.575
9.5775
9.58
9.5825
9.585
9.5875
9.59
9.5925
9.595
9.5975
9.6
9.6025
9.605
9.6075
9.61
9.6125
9.615
9.6175
9.62
9.6225
9.625
9.6275
9.63
9.6325
9.635
9.6375
9.64
9.6425
9.645
9.6475
9.65
9.6525
9.655
9.6575
9.66
9.6625
9.665
9.6675
9.67
9.6725
9.675
9.6775
9.68
9.6825
9.685
9.6875
9.69
9.6925
9.695
9.6975
9.7
9.7025
9.705
9.7075
9.71
9.7125
9.715
9.7175
9.72
9.7225
9.725
9.7275
9.73
9.7325
9.735
9.7375
9.74
9.7425
9.745
9.7475
9.75
9.7525
9.755
9.7575
9.76
9.7625
9.765
9.7675
9.77
9.7725
9.775
9.7775
9.78
9.7825
9.785
9.7875
9.79
9.7925
9.795
9.7975
9.8
9.8025
9.805
9.8075
9.81
9.8125
9.815
9.8175
9.82
9.8225
9.825
9.8275
9.83
9.8325
9.835
9.8375
9.84
9.8425
9.845
9.8475
9.85
9.8525
9.855
9.8575
9.86
9.8625
9.865
9.8675
9.87
9.8725
9.875
9.8775
9.88
9.8825
9.885
9.8875
9.89
9.8925
9.895
9.8975
9.9
9.9025
9.905
9.9075
9.91
9.9125
9.915
9.9175
9.92
9.9225
9.925
9.9275
9.93
9.9325
9.935
9.9375
9.94
9.9425
9.945
9.9475
9.95
9.9525
9.955
9.9575
9.96
9.9625
9.965
9.9675
9.97
9.9725
9.975
9.9775
9.98
9.9825
9.985
9.9875
9.99
9.9925
9.995
9.9975
10
10.0025
10.005
10.0075
10.01
10.0125
10.015
10.0175
10.02
10.0225
10.025
10.0275
10.03
10.0325
10.035
10.0375
10.04
10.0425
10.045
10.0475
10.05
10.0525
10.055
10.0575
10.06
10.0625
10.065
10.0675
10.07
10.0725
10.075
10.0775
10.08
10.0825
10.085
10.0875
10.09
10.0925
10.095
10.0975
10.1
10.1025
10.105
10.1075
10.11
10.1125
10.115
10.1175
10.12
10.1225
10.125
10.1275
10.13
10.1325
10.135
10.1375
10.14
10.1425
10.145
10.1475
10.15
10.1525
10.155
10.1575
10.16
10.1625
10.165
10.1675
10.17
10.1725
10.175
10.1775
10.18
10.1825
10.185
10.1875
10.19
10.1925
10.195
10.1975
10.2
10.2025
10.205
10.2075
10.21
10.2125
10.215
10.2175
10.22
10.2225
10.225
10.2275
10.23
10.2325
10.235
10.2375
10.24
10.2425
10.245
10.2475
10.25
10.2525
10.255
10.2575
10.26
10.2625
10.265
10.2675
10.27
10.2725
10.275
10.2775
10.28
10.2825
10.285
10.2875
10.29
10.2925
10.295
10.2975
10.3
10.3025
10.305
10.3075
10.31
10.3125
10.315
10.3175
10.32
10.3225
10.325
10.3275
10.33
10.3325
10.335
10.3375
10.34
10.3425
10.345
10.3475
10.35
10.3525
10.355
10.3575
10.36
10.3625
10.365
10.3675
10.37
10.3725
10.375
10.3775
10.38
10.3825
10.385
10.3875
10.39
10.3925
10.395
10.3975
10.4
10.4025
10.405
10.4075
10.41
10.4125
10.415
10.4175
10.42
10.4225
10.425
10.4275
10.43
10.4325
10.435
10.4375
10.44
10.4425
10.445
10.4475
10.45
10.4525
10.455
10.4575
10.46
10.4625
10.465
10.4675
10.47
10.4725
10.475
10.4775
10.48
10.4825
10.485
10.4875
10.49
10.4925
10.495
10.4975
10.5
10.5025
10.505
10.5075
10.51
10.5125
10.515
10.5175
10.52
10.5225
10.525
10.5275
10.53
10.5325
10.535
10.5375
10.54
10.5425
10.545
10.5475
10.55
10.5525
10.555
10.5575
10.56
10.5625
10.565
10.5675
10.57
10.5725
10.575
10.5775
10.58
10.5825
10.585
10.5875
10.59
10.5925
10.595
10.5975
10.6
10.6025
10.605
10.6075
10.61
10.6125
10.615
10.6175
10.62
10.6225
10.625
10.6275
10.63
10.6325
10.635
10.6375
10.64
10.6425
10.645
10.6475
10.65
10.6525
10.655
10.6575
10.66
10.6625
10.665
10.6675
10.67
10.6725
10.675
10.6775
10.68
10.6825
10.685
10.6875
10.69
10.6925
10.695
10.6975
10.7
10.7025
10.705
10.7075
10.71
10.7125
10.715
10.7175
10.72
10.7225
10.725
10.7275
10.73
10.7325
10.735
10.7375
10.74
10.7425
10.745
10.7475
10.75
10.7525
10.755
10.7575
10.76
10.7625
10.765
10.7675
10.77
10.7725
10.775
10.7775
10.78
10.7825
10.785
10.7875
10.79
10.7925
10.795
10.7975
10.8
10.8025
10.805
10.8075
10.81
10.8125
10.815
10.8175
10.82
10.8225
10.825
10.8275
10.83
10.8325
10.835
10.8375
10.84
10.8425
10.845
10.8475
10.85
10.8525
10.855
10.8575
10.86
10.8625
10.865
10.8675
10.87
10.8725
10.875
10.8775
10.88
10.8825
10.885
10.8875
10.89
10.8925
10.895
10.8975
10.9
10.9025
10.905
10.9075
10.91
10.9125
10.915
10.9175
10.92
10.9225
10.925
10.9275
10.93
10.9325
10.935
10.9375
10.94
10.9425
10.945
10.9475
10.95
10.9525
10.955
10.9575
10.96
10.9625
10.965
10.9675
10.97
10.9725
10.975
10.9775
10.98
10.9825
10.985
10.9875
10.99
10.9925
10.995
10.9975
11
11.0025
11.005
11.0075
11.01
11.0125
11.015
11.0175
11.02
11.0225
11.025
11.0275
11.03
11.0325
11.035
11.0375
11.04
11.0425
11.045
11.0475
11.05
11.0525
11.055
11.0575
11.06
11.0625
11.065
11.0675
11.07
11.0725
11.075
11.0775
11.08
11.0825
11.085
11.0875
11.09
11.0925
11.095
11.0975
11.1
11.1025
11.105
11.1075
11.11
11.1125
11.115
11.1175
11.12
11.1225
11.125
11.1275
11.13
11.1325
11.135
11.1375
11.14
11.1425
11.145
11.1475
11.15
11.1525
11.155
11.1575
11.16
11.1625
11.165
11.1675
11.17
11.1725
11.175
11.1775
11.18
11.1825
11.185
11.1875
11.19
11.1925
11.195
11.1975
11.2
11.2025
11.205
11.2075
11.21
11.2125
11.215
11.2175
11.22
11.2225
11.225
11.2275
11.23
11.2325
11.235
11.2375
11.24
11.2425
11.245
11.2475
11.25
11.2525
11.255
11.2575
11.26
11.2625
11.265
11.2675
11.27
11.2725
11.275
11.2775
11.28
11.2825
11.285
11.2875
11.29
11.2925
11.295
11.2975
11.3
11.3025
11.305
11.3075
11.31
11.3125
11.315
11.3175
11.32
11.3225
11.325
11.3275
11.33
11.3325
11.335
11.3375
11.34
11.3425
11.345
11.3475
11.35
11.3525
11.355
11.3575
11.36
11.3625
11.365
11.3675
11.37
11.3725
11.375
11.3775
11.38
11.3825
11.385
11.3875
11.39
11.3925
11.395
11.3975
11.4
11.4025
11.405
11.4075
11.41
11.4125
11.415
11.4175
11.42
11.4225
11.425
11.4275
11.43
11.4325
11.435
11.4375
11.44
11.4425
11.445
11.4475
11.45
11.4525
11.455
11.4575
11.46
11.4625
11.465
11.4675
11.47
11.4725
11.475
11.4775
11.48
11.4825
11.485
11.4875
11.49
11.4925
11.495
11.4975
11.5
11.5025
11.505
11.5075
11.51
11.5125
11.515
11.5175
11.52
11.5225
11.525
11.5275
11.53
11.5325
11.535
11.5375
11.54
11.5425
11.545
11.5475
11.55
11.5525
11.555
11.5575
11.56
11.5625
11.565
11.5675
11.57
11.5725
11.575
11.5775
11.58
11.5825
11.585
11.5875
11.59
11.5925
11.595
11.5975
11.6
11.6025
11.605
11.6075
11.61
11.6125
11.615
11.6175
11.62
11.6225
11.625
11.6275
11.63
11.6325
11.635
11.6375
11.64
11.6425
11.645
11.6475
11.65
11.6525
11.655
11.6575
11.66
11.6625
11.665
11.6675
11.67
11.6725
11.675
11.6775
11.68
11.6825
11.685
11.6875
11.69
11.6925
11.695
11.6975
11.7
11.7025
11.705
11.7075
11.71
11.7125
11.715
11.7175
11.72
11.7225
11.725
11.7275
11.73
11.7325
11.735
11.7375
11.74
11.7425
11.745
11.7475
11.75
11.7525
11.755
11.7575
11.76
11.7625
11.765
11.7675
11.77
11.7725
11.775
11.7775
11.78
11.7825
11.785
11.7875
11.79
11.7925
11.795
11.7975
11.8
11.8025
11.805
11.8075
11.81
11.8125
11.815
11.8175
11.82
11.8225
11.825
11.8275
11.83
11.8325
11.835
11.8375
11.84
11.8425
11.845
11.8475
11.85
11.8525
11.855
11.8575
11.86
11.8625
11.865
11.8675
11.87
11.8725
11.875
11.8775
11.88
11.8825
11.885
11.8875
11.89
11.8925
11.895
11.8975
11.9
11.9025
11.905
11.9075
11.91
11.9125
11.915
11.9175
11.92
11.9225
11.925
11.9275
11.93
11.9325
11.935
11.9375
11.94
11.9425
11.945
11.9475
11.95
11.9525
11.955
11.9575
11.96
11.9625
11.965
11.9675
11.97
11.9725
11.975
11.9775
11.98
11.9825
11.985
11.9875
11.99
11.9925
11.995
11.9975
12
12.0025
12.005
12.0075
12.01
12.0125
12.015
12.0175
12.02
12.0225
12.025
12.0275
12.03
12.0325
12.035
12.0375
12.04
12.0425
12.045
12.0475
12.05
12.0525
12.055
12.0575
12.06
12.0625
12.065
12.0675
12.07
12.0725
12.075
12.0775
12.08
12.0825
12.085
12.0875
12.09
12.0925
12.095
12.0975
12.1
12.1025
12.105
12.1075
12.11
12.1125
12.115
12.1175
12.12
12.1225
12.125
12.1275
12.13
12.1325
12.135
12.1375
12.14
12.1425
12.145
12.1475
12.15
12.1525
12.155
12.1575
12.16
12.1625
12.165
12.1675
12.17
12.1725
12.175
12.1775
12.18
12.1825
12.185
12.1875
12.19
12.1925
12.195
12.1975
12.2
12.2025
12.205
12.2075
12.21
12.2125
12.215
12.2175
12.22
12.2225
12.225
12.2275
12.23
12.2325
12.235
12.2375
12.24
12.2425
12.245
12.2475
12.25
12.2525
12.255
12.2575
12.26
12.2625
12.265
12.2675
12.27
12.2725
12.275
12.2775
12.28
12.2825
12.285
12.2875
12.29
12.2925
12.295
12.2975
12.3
12.3025
12.305
12.3075
12.31
12.3125
12.315
12.3175
12.32
12.3225
12.325
12.3275
12.33
12.3325
12.335
12.3375
12.34
12.3425
12.345
12.3475
12.35
12.3525
12.355
12.3575
12.36
12.3625
12.365
12.3675
12.37
12.3725
12.375
12.3775
12.38
12.3825
12.385
12.3875
12.39
12.3925
12.395
12.3975
12.4
12.4025
12.405
12.4075
12.41
12.4125
12.415
12.4175
12.42
12.4225
12.425
12.4275
12.43
12.4325
12.435
12.4375
12.44
12.4425
12.445
12.4475
12.45
12.4525
12.455
12.4575
12.46
12.4625
12.465
12.4675
12.47
12.4725
12.475
12.4775
12.48
12.4825
12.485
12.4875
12.49
12.4925
12.495
12.4975
12.5
12.5025
12.505
12.5075
12.51
12.5125
12.515
12.5175
12.52
12.5225
12.525
12.5275
12.53
12.5325
12.535
12.5375
12.54
12.5425
12.545
12.5475
12.55
12.5525
12.555
12.5575
12.56
12.5625
12.565
12.5675
12.57
12.5725
12.575
12.5775
12.58
12.5825
12.585
12.5875
12.59
12.5925
12.595
12.5975
12.6
12.6025
12.605
12.6075
12.61
12.6125
12.615
12.6175
12.62
12.6225
12.625
12.6275
12.63
12.6325
12.635
12.6375
12.64
12.6425
12.645
12.6475
12.65
12.6525
12.655
12.6575
12.66
12.6625
12.665
12.6675
12.67
12.6725
12.675
12.6775
12.68
12.6825
12.685
12.6875
12.69
12.6925
12.695
12.6975
12.7
12.7025
12.705
12.7075
12.71
12.7125
12.715
12.7175
12.72
12.7225
12.725
12.7275
12.73
12.7325
12.735
12.7375
12.74
12.7425
12.745
12.7475
12.75
12.7525
12.755
12.7575
12.76
12.7625
12.765
12.7675
12.77
12.7725
12.775
12.7775
12.78
12.7825
12.785
12.7875
12.79
12.7925
12.795
12.7975
12.8
12.8025
12.805
12.8075
12.81
12.8125
12.815
12.8175
12.82
12.8225
12.825
12.8275
12.83
12.8325
12.835
12.8375
12.84
12.8425
12.845
12.8475
12.85
12.8525
12.855
12.8575
12.86
12.8625
12.865
12.8675
12.87
12.8725
12.875
12.8775
12.88
12.8825
12.885
12.8875
12.89
12.8925
12.895
12.8975
12.9
12.9025
12.905
12.9075
12.91
12.9125
12.915
12.9175
12.92
12.9225
12.925
12.9275
12.93
12.9325
12.935
12.9375
12.94
12.9425
12.945
12.9475
12.95
12.9525
12.955
12.9575
12.96
12.9625
12.965
12.9675
12.97
12.9725
12.975
12.9775
12.98
12.9825
12.985
12.9875
12.99
12.9925
12.995
12.9975
13
13.0025
13.005
13.0075
13.01
13.0125
13.015
13.0175
13.02
13.0225
13.025
13.0275
13.03
13.0325
13.035
13.0375
13.04
13.0425
13.045
13.0475
13.05
13.0525
13.055
13.0575
13.06
13.0625
13.065
13.0675
13.07
13.0725
13.075
13.0775
13.08
13.0825
13.085
13.0875
13.09
13.0925
13.095
13.0975
13.1
13.1025
13.105
13.1075
13.11
13.1125
13.115
13.1175
13.12
13.1225
13.125
13.1275
13.13
13.1325
13.135
13.1375
13.14
13.1425
13.145
13.1475
13.15
13.1525
13.155
13.1575
13.16
13.1625
13.165
13.1675
13.17
13.1725
13.175
13.1775
13.18
13.1825
13.185
13.1875
13.19
13.1925
13.195
13.1975
13.2
13.2025
13.205
13.2075
13.21
13.2125
13.215
13.2175
13.22
13.2225
13.225
13.2275
13.23
13.2325
13.235
13.2375
13.24
13.2425
13.245
13.2475
13.25
13.2525
13.255
13.2575
13.26
13.2625
13.265
13.2675
13.27
13.2725
13.275
13.2775
13.28
13.2825
13.285
13.2875
13.29
13.2925
13.295
13.2975
13.3
13.3025
13.305
13.3075
13.31
13.3125
13.315
13.3175
13.32
13.3225
13.325
13.3275
13.33
13.3325
13.335
13.3375
13.34
13.3425
13.345
13.3475
13.35
13.3525
13.355
13.3575
13.36
13.3625
13.365
13.3675
13.37
13.3725
13.375
13.3775
13.38
13.3825
13.385
13.3875
13.39
13.3925
13.395
13.3975
13.4
13.4025
13.405
13.4075
13.41
13.4125
13.415
13.4175
13.42
13.4225
13.425
13.4275
13.43
13.4325
13.435
13.4375
13.44
13.4425
13.445
13.4475
13.45
13.4525
13.455
13.4575
13.46
13.4625
13.465
13.4675
13.47
13.4725
13.475
13.4775
13.48
13.4825
13.485
13.4875
13.49
13.4925
13.495
13.4975
13.5
13.5025
13.505
13.5075
13.51
13.5125
13.515
13.5175
13.52
13.5225
13.525
13.5275
13.53
13.5325
13.535
13.5375
13.54
13.5425
13.545
13.5475
13.55
13.5525
13.555
13.5575
13.56
13.5625
13.565
13.5675
13.57
13.5725
13.575
13.5775
13.58
13.5825
13.585
13.5875
13.59
13.5925
13.595
13.5975
13.6
13.6025
13.605
13.6075
13.61
13.6125
13.615
13.6175
13.62
13.6225
13.625
13.6275
13.63
13.6325
13.635
13.6375
13.64
13.6425
13.645
13.6475
13.65
13.6525
13.655
13.6575
13.66
13.6625
13.665
13.6675
13.67
13.6725
13.675
13.6775
13.68
13.6825
13.685
13.6875
13.69
13.6925
13.695
13.6975
13.7
13.7025
13.705
13.7075
13.71
13.7125
13.715
13.7175
13.72
13.7225
13.725
13.7275
13.73
13.7325
13.735
13.7375
13.74
13.7425
13.745
13.7475
13.75
13.7525
13.755
13.7575
13.76
13.7625
13.765
13.7675
13.77
13.7725
13.775
13.7775
13.78
13.7825
13.785
13.7875
13.79
13.7925
13.795
13.7975
13.8
13.8025
13.805
13.8075
13.81
13.8125
13.815
13.8175
13.82
13.8225
13.825
13.8275
13.83
13.8325
13.835
13.8375
13.84
13.8425
13.845
13.8475
13.85
13.8525
13.855
13.8575
13.86
13.8625
13.865
13.8675
13.87
13.8725
13.875
13.8775
13.88
13.8825
13.885
13.8875
13.89
13.8925
13.895
13.8975
13.9
13.9025
13.905
13.9075
13.91
13.9125
13.915
13.9175
13.92
13.9225
13.925
13.9275
13.93
13.9325
13.935
13.9375
13.94
13.9425
13.945
13.9475
13.95
13.9525
13.955
13.9575
13.96
13.9625
13.965
13.9675
13.97
13.9725
13.975
13.9775
13.98
13.9825
13.985
13.9875
13.99
13.9925
13.995
13.9975
14
14.0025
14.005
14.0075
14.01
14.0125
14.015
14.0175
14.02
14.0225
14.025
14.0275
14.03
14.0325
14.035
14.0375
14.04
14.0425
14.045
14.0475
14.05
14.0525
14.055
14.0575
14.06
14.0625
14.065
14.0675
14.07
14.0725
14.075
14.0775
14.08
14.0825
14.085
14.0875
14.09
14.0925
14.095
14.0975
14.1
14.1025
14.105
14.1075
14.11
14.1125
14.115
14.1175
14.12
14.1225
14.125
14.1275
14.13
14.1325
14.135
14.1375
14.14
14.1425
14.145
14.1475
14.15
14.1525
14.155
14.1575
14.16
14.1625
14.165
14.1675
14.17
14.1725
14.175
14.1775
14.18
14.1825
14.185
14.1875
14.19
14.1925
14.195
14.1975
14.2
14.2025
14.205
14.2075
14.21
14.2125
14.215
14.2175
14.22
14.2225
14.225
14.2275
14.23
14.2325
14.235
14.2375
14.24
14.2425
14.245
14.2475
14.25
14.2525
14.255
14.2575
14.26
14.2625
14.265
14.2675
14.27
14.2725
14.275
14.2775
14.28
14.2825
14.285
14.2875
14.29
14.2925
14.295
14.2975
14.3
14.3025
14.305
14.3075
14.31
14.3125
14.315
14.3175
14.32
14.3225
14.325
14.3275
14.33
14.3325
14.335
14.3375
14.34
14.3425
14.345
14.3475
14.35
14.3525
14.355
14.3575
14.36
14.3625
14.365
14.3675
14.37
14.3725
14.375
14.3775
14.38
14.3825
14.385
14.3875
14.39
14.3925
14.395
14.3975
14.4
14.4025
14.405
14.4075
14.41
14.4125
14.415
14.4175
14.42
14.4225
14.425
14.4275
14.43
14.4325
14.435
14.4375
14.44
14.4425
14.445
14.4475
14.45
14.4525
14.455
14.4575
14.46
14.4625
14.465
14.4675
14.47
14.4725
14.475
14.4775
14.48
14.4825
14.485
14.4875
14.49
14.4925
14.495
14.4975
14.5
14.5025
14.505
14.5075
14.51
14.5125
14.515
14.5175
14.52
14.5225
14.525
14.5275
14.53
14.5325
14.535
14.5375
14.54
14.5425
14.545
14.5475
14.55
14.5525
14.555
14.5575
14.56
14.5625
14.565
14.5675
14.57
14.5725
14.575
14.5775
14.58
14.5825
14.585
14.5875
14.59
14.5925
14.595
14.5975
14.6
14.6025
14.605
14.6075
14.61
14.6125
14.615
14.6175
14.62
14.6225
14.625
14.6275
14.63
14.6325
14.635
14.6375
14.64
14.6425
14.645
14.6475
14.65
14.6525
14.655
14.6575
14.66
14.6625
14.665
14.6675
14.67
14.6725
14.675
14.6775
14.68
14.6825
14.685
14.6875
14.69
14.6925
14.695
14.6975
14.7
14.7025
14.705
14.7075
14.71
14.7125
14.715
14.7175
14.72
14.7225
14.725
14.7275
14.73
14.7325
14.735
14.7375
14.74
14.7425
14.745
14.7475
14.75
14.7525
14.755
14.7575
14.76
14.7625
14.765
14.7675
14.77
14.7725
14.775
14.7775
14.78
14.7825
14.785
14.7875
14.79
14.7925
14.795
14.7975
14.8
14.8025
14.805
14.8075
14.81
14.8125
14.815
14.8175
14.82
14.8225
14.825
14.8275
14.83
14.8325
14.835
14.8375
14.84
14.8425
14.845
14.8475
14.85
14.8525
14.855
14.8575
14.86
14.8625
14.865
14.8675
14.87
14.8725
14.875
14.8775
14.88
14.8825
14.885
14.8875
14.89
14.8925
14.895
14.8975
14.9
14.9025
14.905
14.9075
14.91
14.9125
14.915
14.9175
14.92
14.9225
14.925
14.9275
14.93
14.9325
14.935
14.9375
14.94
14.9425
14.945
14.9475
14.95
14.9525
14.955
14.9575
14.96
14.9625
14.965
14.9675
14.97
14.9725
14.975
14.9775
14.98
14.9825
14.985
14.9875
14.99
14.9925
14.995
14.9975
15
15.0025
15.005
15.0075
15.01
15.0125
15.015
15.0175
15.02
15.0225
15.025
15.0275
15.03
15.0325
15.035
15.0375
15.04
15.0425
15.045
15.0475
15.05
15.0525
15.055
15.0575
15.06
15.0625
15.065
15.0675
15.07
15.0725
15.075
15.0775
15.08
15.0825
15.085
15.0875
15.09
15.0925
15.095
15.0975
15.1
15.1025
15.105
15.1075
15.11
15.1125
15.115
15.1175
15.12
15.1225
15.125
15.1275
15.13
15.1325
15.135
15.1375
15.14
15.1425
15.145
15.1475
15.15
15.1525
15.155
15.1575
15.16
15.1625
15.165
15.1675
15.17
15.1725
15.175
15.1775
15.18
15.1825
15.185
15.1875
15.19
15.1925
15.195
15.1975
15.2
15.2025
15.205
15.2075
15.21
15.2125
15.215
15.2175
15.22
15.2225
15.225
15.2275
15.23
15.2325
15.235
15.2375
15.24
15.2425
15.245
15.2475
15.25
15.2525
15.255
15.2575
15.26
15.2625
15.265
15.2675
15.27
15.2725
15.275
15.2775
15.28
15.2825
15.285
15.2875
15.29
15.2925
15.295
15.2975
15.3
15.3025
15.305
15.3075
15.31
15.3125
15.315
15.3175
15.32
15.3225
15.325
15.3275
15.33
15.3325
15.335
15.3375
15.34
15.3425
15.345
15.3475
15.35
15.3525
15.355
15.3575
15.36
15.3625
15.365
15.3675
15.37
15.3725
15.375
15.3775
15.38
15.3825
15.385
15.3875
15.39
15.3925
15.395
15.3975
15.4
15.4025
15.405
15.4075
15.41
15.4125
15.415
15.4175
15.42
15.4225
15.425
15.4275
15.43
15.4325
15.435
15.4375
15.44
15.4425
15.445
15.4475
15.45
15.4525
15.455
15.4575
15.46
15.4625
15.465
15.4675
15.47
15.4725
15.475
15.4775
15.48
15.4825
15.485
15.4875
15.49
15.4925
15.495
15.4975
15.5
15.5025
15.505
15.5075
15.51
15.5125
15.515
15.5175
15.52
15.5225
15.525
15.5275
15.53
15.5325
15.535
15.5375
15.54
15.5425
15.545
15.5475
15.55
15.5525
15.555
15.5575
15.56
15.5625
15.565
15.5675
15.57
15.5725
15.575
15.5775
15.58
15.5825
15.585
15.5875
15.59
15.5925
15.595
15.5975
15.6
15.6025
15.605
15.6075
15.61
15.6125
15.615
15.6175
15.62
15.6225
15.625
15.6275
15.63
15.6325
15.635
15.6375
15.64
15.6425
15.645
15.6475
15.65
15.6525
15.655
15.6575
15.66
15.6625
15.665
15.6675
15.67
15.6725
15.675
15.6775
15.68
15.6825
15.685
15.6875
15.69
15.6925
15.695
15.6975
15.7
15.7025
15.705
15.7075
15.71
15.7125
15.715
15.7175
15.72
15.7225
15.725
15.7275
15.73
15.7325
15.735
15.7375
15.74
15.7425
15.745
15.7475
15.75
15.7525
15.755
15.7575
15.76
15.7625
15.765
15.7675
15.77
15.7725
15.775
15.7775
15.78
15.7825
15.785
15.7875
15.79
15.7925
15.795
15.7975
15.8
15.8025
15.805
15.8075
15.81
15.8125
15.815
15.8175
15.82
15.8225
15.825
15.8275
15.83
15.8325
15.835
15.8375
15.84
15.8425
15.845
15.8475
15.85
15.8525
15.855
15.8575
15.86
15.8625
15.865
15.8675
15.87
15.8725
15.875
15.8775
15.88
15.8825
15.885
15.8875
15.89
15.8925
15.895
15.8975
15.9
15.9025
15.905
15.9075
15.91
15.9125
15.915
15.9175
15.92
15.9225
15.925
15.9275
15.93
15.9325
15.935
15.9375
15.94
15.9425
15.945
15.9475
15.95
15.9525
15.955
15.9575
15.96
15.9625
15.965
15.9675
15.97
15.9725
15.975
15.9775
15.98
15.9825
15.985
15.9875
15.99
15.9925
15.995
15.9975
16
16.0025
16.005
16.0075
16.01
16.0125
16.015
16.0175
16.02
16.0225
16.025
16.0275
16.03
16.0325
16.035
16.0375
16.04
16.0425
16.045
16.0475
16.05
16.0525
16.055
16.0575
16.06
16.0625
16.065
16.0675
16.07
16.0725
16.075
16.0775
16.08
16.0825
16.085
16.0875
16.09
16.0925
16.095
16.0975
16.1
16.1025
16.105
16.1075
16.11
16.1125
16.115
16.1175
16.12
16.1225
16.125
16.1275
16.13
16.1325
16.135
16.1375
16.14
16.1425
16.145
16.1475
16.15
16.1525
16.155
16.1575
16.16
16.1625
16.165
16.1675
16.17
16.1725
16.175
16.1775
16.18
16.1825
16.185
16.1875
16.19
16.1925
16.195
16.1975
16.2
16.2025
16.205
16.2075
16.21
16.2125
16.215
16.2175
16.22
16.2225
16.225
16.2275
16.23
16.2325
16.235
16.2375
16.24
16.2425
16.245
16.2475
16.25
16.2525
16.255
16.2575
16.26
16.2625
16.265
16.2675
16.27
16.2725
16.275
16.2775
16.28
16.2825
16.285
16.2875
16.29
16.2925
16.295
16.2975
16.3
16.3025
16.305
16.3075
16.31
16.3125
16.315
16.3175
16.32
16.3225
16.325
16.3275
16.33
16.3325
16.335
16.3375
16.34
16.3425
16.345
16.3475
16.35
16.3525
16.355
16.3575
16.36
16.3625
16.365
16.3675
16.37
16.3725
16.375
16.3775
16.38
16.3825
16.385
16.3875
16.39
16.3925
16.395
16.3975
16.4
16.4025
16.405
16.4075
16.41
16.4125
16.415
16.4175
16.42
16.4225
16.425
16.4275
16.43
16.4325
16.435
16.4375
16.44
16.4425
16.445
16.4475
16.45
16.4525
16.455
16.4575
16.46
16.4625
16.465
16.4675
16.47
16.4725
16.475
16.4775
16.48
16.4825
16.485
16.4875
16.49
16.4925
16.495
16.4975
16.5
16.5025
16.505
16.5075
16.51
16.5125
16.515
16.5175
16.52
16.5225
16.525
16.5275
16.53
16.5325
16.535
16.5375
16.54
16.5425
16.545
16.5475
16.55
16.5525
16.555
16.5575
16.56
16.5625
16.565
16.5675
16.57
16.5725
16.575
16.5775
16.58
16.5825
16.585
16.5875
16.59
16.5925
16.595
16.5975
16.6
16.6025
16.605
16.6075
16.61
16.6125
16.615
16.6175
16.62
16.6225
16.625
16.6275
16.63
16.6325
16.635
16.6375
16.64
16.6425
16.645
16.6475
16.65
16.6525
16.655
16.6575
16.66
16.6625
16.665
16.6675
16.67
16.6725
16.675
16.6775
16.68
16.6825
16.685
16.6875
16.69
16.6925
16.695
16.6975
16.7
16.7025
16.705
16.7075
16.71
16.7125
16.715
16.7175
16.72
16.7225
16.725
16.7275
16.73
16.7325
16.735
16.7375
16.74
16.7425
16.745
16.7475
16.75
16.7525
16.755
16.7575
16.76
16.7625
16.765
16.7675
16.77
16.7725
16.775
16.7775
16.78
16.7825
16.785
16.7875
16.79
16.7925
16.795
16.7975
16.8
16.8025
16.805
16.8075
16.81
16.8125
16.815
16.8175
16.82
16.8225
16.825
16.8275
16.83
16.8325
16.835
16.8375
16.84
16.8425
16.845
16.8475
16.85
16.8525
16.855
16.8575
16.86
16.8625
16.865
16.8675
16.87
16.8725
16.875
16.8775
16.88
16.8825
16.885
16.8875
16.89
16.8925
16.895
16.8975
16.9
16.9025
16.905
16.9075
16.91
16.9125
16.915
16.9175
16.92
16.9225
16.925
16.9275
16.93
16.9325
16.935
16.9375
16.94
16.9425
16.945
16.9475
16.95
16.9525
16.955
16.9575
16.96
16.9625
16.965
16.9675
16.97
16.9725
16.975
16.9775
16.98
16.9825
16.985
16.9875
16.99
16.9925
16.995
16.9975
17
17.0025
17.005
17.0075
17.01
17.0125
17.015
17.0175
17.02
17.0225
17.025
17.0275
17.03
17.0325
17.035
17.0375
17.04
17.0425
17.045
17.0475
17.05
17.0525
17.055
17.0575
17.06
17.0625
17.065
17.0675
17.07
17.0725
17.075
17.0775
17.08
17.0825
17.085
17.0875
17.09
17.0925
17.095
17.0975
17.1
17.1025
17.105
17.1075
17.11
17.1125
17.115
17.1175
17.12
17.1225
17.125
17.1275
17.13
17.1325
17.135
17.1375
17.14
17.1425
17.145
17.1475
17.15
17.1525
17.155
17.1575
17.16
17.1625
17.165
17.1675
17.17
17.1725
17.175
17.1775
17.18
17.1825
17.185
17.1875
17.19
17.1925
17.195
17.1975
17.2
17.2025
17.205
17.2075
17.21
17.2125
17.215
17.2175
17.22
17.2225
17.225
17.2275
17.23
17.2325
17.235
17.2375
17.24
17.2425
17.245
17.2475
17.25
17.2525
17.255
17.2575
17.26
17.2625
17.265
17.2675
17.27
17.2725
17.275
17.2775
17.28
17.2825
17.285
17.2875
17.29
17.2925
17.295
17.2975
17.3
17.3025
17.305
17.3075
17.31
17.3125
17.315
17.3175
17.32
17.3225
17.325
17.3275
17.33
17.3325
17.335
17.3375
17.34
17.3425
17.345
17.3475
17.35
17.3525
17.355
17.3575
17.36
17.3625
17.365
17.3675
17.37
17.3725
17.375
17.3775
17.38
17.3825
17.385
17.3875
17.39
17.3925
17.395
17.3975
17.4
17.4025
17.405
17.4075
17.41
17.4125
17.415
17.4175
17.42
17.4225
17.425
17.4275
17.43
17.4325
17.435
17.4375
17.44
17.4425
17.445
17.4475
17.45
17.4525
17.455
17.4575
17.46
17.4625
17.465
17.4675
17.47
17.4725
17.475
17.4775
17.48
17.4825
17.485
17.4875
17.49
17.4925
17.495
17.4975
17.5
17.5025
17.505
17.5075
17.51
17.5125
17.515
17.5175
17.52
17.5225
17.525
17.5275
17.53
17.5325
17.535
17.5375
17.54
17.5425
17.545
17.5475
17.55
17.5525
17.555
17.5575
17.56
17.5625
17.565
17.5675
17.57
17.5725
17.575
17.5775
17.58
17.5825
17.585
17.5875
17.59
17.5925
17.595
17.5975
17.6
17.6025
17.605
17.6075
17.61
17.6125
17.615
17.6175
17.62
17.6225
17.625
17.6275
17.63
17.6325
17.635
17.6375
17.64
17.6425
17.645
17.6475
17.65
17.6525
17.655
17.6575
17.66
17.6625
17.665
17.6675
17.67
17.6725
17.675
17.6775
17.68
17.6825
17.685
17.6875
17.69
17.6925
17.695
17.6975
17.7
17.7025
17.705
17.7075
17.71
17.7125
17.715
17.7175
17.72
17.7225
17.725
17.7275
17.73
17.7325
17.735
17.7375
17.74
17.7425
17.745
17.7475
17.75
17.7525
17.755
17.7575
17.76
17.7625
17.765
17.7675
17.77
17.7725
17.775
17.7775
17.78
17.7825
17.785
17.7875
17.79
17.7925
17.795
17.7975
17.8
17.8025
17.805
17.8075
17.81
17.8125
17.815
17.8175
17.82
17.8225
17.825
17.8275
17.83
17.8325
17.835
17.8375
17.84
17.8425
17.845
17.8475
17.85
17.8525
17.855
17.8575
17.86
17.8625
17.865
17.8675
17.87
17.8725
17.875
17.8775
17.88
17.8825
17.885
17.8875
17.89
17.8925
17.895
17.8975
17.9
17.9025
17.905
17.9075
17.91
17.9125
17.915
17.9175
17.92
17.9225
17.925
17.9275
17.93
17.9325
17.935
17.9375
17.94
17.9425
17.945
17.9475
17.95
17.9525
17.955
17.9575
17.96
17.9625
17.965
17.9675
17.97
17.9725
17.975
17.9775
17.98
17.9825
17.985
17.9875
17.99
17.9925
17.995
17.9975
18
18.0025
18.005
18.0075
18.01
18.0125
18.015
18.0175
18.02
18.0225
18.025
18.0275
18.03
18.0325
18.035
18.0375
18.04
18.0425
18.045
18.0475
18.05
18.0525
18.055
18.0575
18.06
18.0625
18.065
18.0675
18.07
18.0725
18.075
18.0775
18.08
18.0825
18.085
18.0875
18.09
18.0925
18.095
18.0975
18.1
18.1025
18.105
18.1075
18.11
18.1125
18.115
18.1175
18.12
18.1225
18.125
18.1275
18.13
18.1325
18.135
18.1375
18.14
18.1425
18.145
18.1475
18.15
18.1525
18.155
18.1575
18.16
18.1625
18.165
18.1675
18.17
18.1725
18.175
18.1775
18.18
18.1825
18.185
18.1875
18.19
18.1925
18.195
18.1975
18.2
18.2025
18.205
18.2075
18.21
18.2125
18.215
18.2175
18.22
18.2225
18.225
18.2275
18.23
18.2325
18.235
18.2375
18.24
18.2425
18.245
18.2475
18.25
18.2525
18.255
18.2575
18.26
18.2625
18.265
18.2675
18.27
18.2725
18.275
18.2775
18.28
18.2825
18.285
18.2875
18.29
18.2925
18.295
18.2975
18.3
18.3025
18.305
18.3075
18.31
18.3125
18.315
18.3175
18.32
18.3225
18.325
18.3275
18.33
18.3325
18.335
18.3375
18.34
18.3425
18.345
18.3475
18.35
18.3525
18.355
18.3575
18.36
18.3625
18.365
18.3675
18.37
18.3725
18.375
18.3775
18.38
18.3825
18.385
18.3875
18.39
18.3925
18.395
18.3975
18.4
18.4025
18.405
18.4075
18.41
18.4125
18.415
18.4175
18.42
18.4225
18.425
18.4275
18.43
18.4325
18.435
18.4375
18.44
18.4425
18.445
18.4475
18.45
18.4525
18.455
18.4575
18.46
18.4625
18.465
18.4675
18.47
18.4725
18.475
18.4775
18.48
18.4825
18.485
18.4875
18.49
18.4925
18.495
18.4975
18.5
18.5025
18.505
18.5075
18.51
18.5125
18.515
18.5175
18.52
18.5225
18.525
18.5275
18.53
18.5325
18.535
18.5375
18.54
18.5425
18.545
18.5475
18.55
18.5525
18.555
18.5575
18.56
18.5625
18.565
18.5675
18.57
18.5725
18.575
18.5775
18.58
18.5825
18.585
18.5875
18.59
18.5925
18.595
18.5975
18.6
18.6025
18.605
18.6075
18.61
18.6125
18.615
18.6175
18.62
18.6225
18.625
18.6275
18.63
18.6325
18.635
18.6375
18.64
18.6425
18.645
18.6475
18.65
18.6525
18.655
18.6575
18.66
18.6625
18.665
18.6675
18.67
18.6725
18.675
18.6775
18.68
18.6825
18.685
18.6875
18.69
18.6925
18.695
18.6975
18.7
18.7025
18.705
18.7075
18.71
18.7125
18.715
18.7175
18.72
18.7225
18.725
18.7275
18.73
18.7325
18.735
18.7375
18.74
18.7425
18.745
18.7475
18.75
18.7525
18.755
18.7575
18.76
18.7625
18.765
18.7675
18.77
18.7725
18.775
18.7775
18.78
18.7825
18.785
18.7875
18.79
18.7925
18.795
18.7975
18.8
18.8025
18.805
18.8075
18.81
18.8125
18.815
18.8175
18.82
18.8225
18.825
18.8275
18.83
18.8325
18.835
18.8375
18.84
18.8425
18.845
18.8475
18.85
18.8525
18.855
18.8575
18.86
18.8625
18.865
18.8675
18.87
18.8725
18.875
18.8775
18.88
18.8825
18.885
18.8875
18.89
18.8925
18.895
18.8975
18.9
18.9025
18.905
18.9075
18.91
18.9125
18.915
18.9175
18.92
18.9225
18.925
18.9275
18.93
18.9325
18.935
18.9375
18.94
18.9425
18.945
18.9475
18.95
18.9525
18.955
18.9575
18.96
18.9625
18.965
18.9675
18.97
18.9725
18.975
18.9775
18.98
18.9825
18.985
18.9875
18.99
18.9925
18.995
18.9975
19
19.0025
19.005
19.0075
19.01
19.0125
19.015
19.0175
19.02
19.0225
19.025
19.0275
19.03
19.0325
19.035
19.0375
19.04
19.0425
19.045
19.0475
19.05
19.0525
19.055
19.0575
19.06
19.0625
19.065
19.0675
19.07
19.0725
19.075
19.0775
19.08
19.0825
19.085
19.0875
19.09
19.0925
19.095
19.0975
19.1
19.1025
19.105
19.1075
19.11
19.1125
19.115
19.1175
19.12
19.1225
19.125
19.1275
19.13
19.1325
19.135
19.1375
19.14
19.1425
19.145
19.1475
19.15
19.1525
19.155
19.1575
19.16
19.1625
19.165
19.1675
19.17
19.1725
19.175
19.1775
19.18
19.1825
19.185
19.1875
19.19
19.1925
19.195
19.1975
19.2
19.2025
19.205
19.2075
19.21
19.2125
19.215
19.2175
19.22
19.2225
19.225
19.2275
19.23
19.2325
19.235
19.2375
19.24
19.2425
19.245
19.2475
19.25
19.2525
19.255
19.2575
19.26
19.2625
19.265
19.2675
19.27
19.2725
19.275
19.2775
19.28
19.2825
19.285
19.2875
19.29
19.2925
19.295
19.2975
19.3
19.3025
19.305
19.3075
19.31
19.3125
19.315
19.3175
19.32
19.3225
19.325
19.3275
19.33
19.3325
19.335
19.3375
19.34
19.3425
19.345
19.3475
19.35
19.3525
19.355
19.3575
19.36
19.3625
19.365
19.3675
19.37
19.3725
19.375
19.3775
19.38
19.3825
19.385
19.3875
19.39
19.3925
19.395
19.3975
19.4
19.4025
19.405
19.4075
19.41
19.4125
19.415
19.4175
19.42
19.4225
19.425
19.4275
19.43
19.4325
19.435
19.4375
19.44
19.4425
19.445
19.4475
19.45
19.4525
19.455
19.4575
19.46
19.4625
19.465
19.4675
19.47
19.4725
19.475
19.4775
19.48
19.4825
19.485
19.4875
19.49
19.4925
19.495
19.4975
19.5
19.5025
19.505
19.5075
19.51
19.5125
19.515
19.5175
19.52
19.5225
19.525
19.5275
19.53
19.5325
19.535
19.5375
19.54
19.5425
19.545
19.5475
19.55
19.5525
19.555
19.5575
19.56
19.5625
19.565
19.5675
19.57
19.5725
19.575
19.5775
19.58
19.5825
19.585
19.5875
19.59
19.5925
19.595
19.5975
19.6
19.6025
19.605
19.6075
19.61
19.6125
19.615
19.6175
19.62
19.6225
19.625
19.6275
19.63
19.6325
19.635
19.6375
19.64
19.6425
19.645
19.6475
19.65
19.6525
19.655
19.6575
19.66
19.6625
19.665
19.6675
19.67
19.6725
19.675
19.6775
19.68
19.6825
19.685
19.6875
19.69
19.6925
19.695
19.6975
19.7
19.7025
19.705
19.7075
19.71
19.7125
19.715
19.7175
19.72
19.7225
19.725
19.7275
19.73
19.7325
19.735
19.7375
19.74
19.7425
19.745
19.7475
19.75
19.7525
19.755
19.7575
19.76
19.7625
19.765
19.7675
19.77
19.7725
19.775
19.7775
19.78
19.7825
19.785
19.7875
19.79
19.7925
19.795
19.7975
19.8
19.8025
19.805
19.8075
19.81
19.8125
19.815
19.8175
19.82
19.8225
19.825
19.8275
19.83
19.8325
19.835
19.8375
19.84
19.8425
19.845
19.8475
19.85
19.8525
19.855
19.8575
19.86
19.8625
19.865
19.8675
19.87
19.8725
19.875
19.8775
19.88
19.8825
19.885
19.8875
19.89
19.8925
19.895
19.8975
19.9
19.9025
19.905
19.9075
19.91
19.9125
19.915
19.9175
19.92
19.9225
19.925
19.9275
19.93
19.9325
19.935
19.9375
19.94
19.9425
19.945
19.9475
19.95
19.9525
19.955
19.9575
19.96
19.9625
19.965
19.9675
19.97
19.9725
19.975
19.9775
19.98
19.9825
19.985
19.9875
19.99
19.9925
19.995
19.9975
20
20.0025
20.005
20.0075
20.01
20.0125
20.015
20.0175
20.02
20.0225
20.025
20.0275
20.03
20.0325
20.035
20.0375
20.04
20.0425
20.045
20.0475
20.05
20.0525
20.055
20.0575
20.06
20.0625
20.065
20.0675
20.07
20.0725
20.075
20.0775
20.08
20.0825
20.085
20.0875
20.09
20.0925
20.095
20.0975
20.1
20.1025
20.105
20.1075
20.11
20.1125
20.115
20.1175
20.12
20.1225
20.125
20.1275
20.13
20.1325
20.135
20.1375
20.14
20.1425
20.145
20.1475
20.15
20.1525
20.155
20.1575
20.16
20.1625
20.165
20.1675
20.17
20.1725
20.175
20.1775
20.18
20.1825
20.185
20.1875
20.19
20.1925
20.195
20.1975
20.2
20.2025
20.205
20.2075
20.21
20.2125
20.215
20.2175
20.22
20.2225
20.225
20.2275
20.23
20.2325
20.235
20.2375
20.24
20.2425
20.245
20.2475
20.25
20.2525
20.255
20.2575
20.26
20.2625
20.265
20.2675
20.27
20.2725
20.275
20.2775
20.28
20.2825
20.285
20.2875
20.29
20.2925
20.295
20.2975
20.3
20.3025
20.305
20.3075
20.31
20.3125
20.315
20.3175
20.32
20.3225
20.325
20.3275
20.33
20.3325
20.335
20.3375
20.34
20.3425
20.345
20.3475
20.35
20.3525
20.355
20.3575
20.36
20.3625
20.365
20.3675
20.37
20.3725
20.375
20.3775
20.38
20.3825
20.385
20.3875
20.39
20.3925
20.395
20.3975
20.4
20.4025
20.405
20.4075
20.41
20.4125
20.415
20.4175
20.42
20.4225
20.425
20.4275
20.43
20.4325
20.435
20.4375
20.44
20.4425
20.445
20.4475
20.45
20.4525
20.455
20.4575
20.46
20.4625
20.465
20.4675
20.47
20.4725
20.475
20.4775
20.48
20.4825
20.485
20.4875
20.49
20.4925
20.495
20.4975
20.5
20.5025
20.505
20.5075
20.51
20.5125
20.515
20.5175
20.52
20.5225
20.525
20.5275
20.53
20.5325
20.535
20.5375
20.54
20.5425
20.545
20.5475
20.55
20.5525
20.555
20.5575
20.56
20.5625
20.565
20.5675
20.57
20.5725
20.575
20.5775
20.58
20.5825
20.585
20.5875
20.59
20.5925
20.595
20.5975
20.6
20.6025
20.605
20.6075
20.61
20.6125
20.615
20.6175
20.62
20.6225
20.625
20.6275
20.63
20.6325
20.635
20.6375
20.64
20.6425
20.645
20.6475
20.65
20.6525
20.655
20.6575
20.66
20.6625
20.665
20.6675
20.67
20.6725
20.675
20.6775
20.68
20.6825
20.685
20.6875
20.69
20.6925
20.695
20.6975
20.7
20.7025
20.705
20.7075
20.71
20.7125
20.715
20.7175
20.72
20.7225
20.725
20.7275
20.73
20.7325
20.735
20.7375
20.74
20.7425
20.745
20.7475
20.75
20.7525
20.755
20.7575
20.76
20.7625
20.765
20.7675
20.77
20.7725
20.775
20.7775
20.78
20.7825
20.785
20.7875
20.79
20.7925
20.795
20.7975
20.8
20.8025
20.805
20.8075
20.81
20.8125
20.815
20.8175
20.82
20.8225
20.825
20.8275
20.83
20.8325
20.835
20.8375
20.84
20.8425
20.845
20.8475
20.85
20.8525
20.855
20.8575
20.86
20.8625
20.865
20.8675
20.87
20.8725
20.875
20.8775
20.88
20.8825
20.885
20.8875
20.89
20.8925
20.895
20.8975
20.9
20.9025
20.905
20.9075
20.91
20.9125
20.915
20.9175
20.92
20.9225
20.925
20.9275
20.93
20.9325
20.935
20.9375
20.94
20.9425
20.945
20.9475
20.95
20.9525
20.955
20.9575
20.96
20.9625
20.965
20.9675
20.97
20.9725
20.975
20.9775
20.98
20.9825
20.985
20.9875
20.99
20.9925
20.995
20.9975
21
21.0025
21.005
21.0075
21.01
21.0125
21.015
21.0175
21.02
21.0225
21.025
21.0275
21.03
21.0325
21.035
21.0375
21.04
21.0425
21.045
21.0475
21.05
21.0525
21.055
21.0575
21.06
21.0625
21.065
21.0675
21.07
21.0725
21.075
21.0775
21.08
21.0825
21.085
21.0875
21.09
21.0925
21.095
21.0975
21.1
21.1025
21.105
21.1075
21.11
21.1125
21.115
21.1175
21.12
21.1225
21.125
21.1275
21.13
21.1325
21.135
21.1375
21.14
21.1425
21.145
21.1475
21.15
21.1525
21.155
21.1575
21.16
21.1625
21.165
21.1675
21.17
21.1725
21.175
21.1775
21.18
21.1825
21.185
21.1875
21.19
21.1925
21.195
21.1975
21.2
21.2025
21.205
21.2075
21.21
21.2125
21.215
21.2175
21.22
21.2225
21.225
21.2275
21.23
21.2325
21.235
21.2375
21.24
21.2425
21.245
21.2475
21.25
21.2525
21.255
21.2575
21.26
21.2625
21.265
21.2675
21.27
21.2725
21.275
21.2775
21.28
21.2825
21.285
21.2875
21.29
21.2925
21.295
21.2975
21.3
21.3025
21.305
21.3075
21.31
21.3125
21.315
21.3175
21.32
21.3225
21.325
21.3275
21.33
21.3325
21.335
21.3375
21.34
21.3425
21.345
21.3475
21.35
21.3525
21.355
21.3575
21.36
21.3625
21.365
21.3675
21.37
21.3725
21.375
21.3775
21.38
21.3825
21.385
21.3875
21.39
21.3925
21.395
21.3975
21.4
21.4025
21.405
21.4075
21.41
21.4125
21.415
21.4175
21.42
21.4225
21.425
21.4275
21.43
21.4325
21.435
21.4375
21.44
21.4425
21.445
21.4475
21.45
21.4525
21.455
21.4575
21.46
21.4625
21.465
21.4675
21.47
21.4725
21.475
21.4775
21.48
21.4825
21.485
21.4875
21.49
21.4925
21.495
21.4975
21.5
21.5025
21.505
21.5075
21.51
21.5125
21.515
21.5175
21.52
21.5225
21.525
21.5275
21.53
21.5325
21.535
21.5375
21.54
21.5425
21.545
21.5475
21.55
21.5525
21.555
21.5575
21.56
21.5625
21.565
21.5675
21.57
21.5725
21.575
21.5775
21.58
21.5825
21.585
21.5875
21.59
21.5925
21.595
21.5975
21.6
21.6025
21.605
21.6075
21.61
21.6125
21.615
21.6175
21.62
21.6225
21.625
21.6275
21.63
21.6325
21.635
21.6375
21.64
21.6425
21.645
21.6475
21.65
21.6525
21.655
21.6575
21.66
21.6625
21.665
21.6675
21.67
21.6725
21.675
21.6775
21.68
21.6825
21.685
21.6875
21.69
21.6925
21.695
21.6975
21.7
21.7025
21.705
21.7075
21.71
21.7125
21.715
21.7175
21.72
21.7225
21.725
21.7275
21.73
21.7325
21.735
21.7375
21.74
21.7425
21.745
21.7475
21.75
21.7525
21.755
21.7575
21.76
21.7625
21.765
21.7675
21.77
21.7725
21.775
21.7775
21.78
21.7825
21.785
21.7875
21.79
21.7925
21.795
21.7975
21.8
21.8025
21.805
21.8075
21.81
21.8125
21.815
21.8175
21.82
21.8225
21.825
21.8275
21.83
21.8325
21.835
21.8375
21.84
21.8425
21.845
21.8475
21.85
21.8525
21.855
21.8575
21.86
21.8625
21.865
21.8675
21.87
21.8725
21.875
21.8775
21.88
21.8825
21.885
21.8875
21.89
21.8925
21.895
21.8975
21.9
21.9025
21.905
21.9075
21.91
21.9125
21.915
21.9175
21.92
21.9225
21.925
21.9275
21.93
21.9325
21.935
21.9375
21.94
21.9425
21.945
21.9475
21.95
21.9525
21.955
21.9575
21.96
21.9625
21.965
21.9675
21.97
21.9725
21.975
21.9775
21.98
21.9825
21.985
21.9875
21.99
21.9925
21.995
21.9975
22
22.0025
22.005
22.0075
22.01
22.0125
22.015
22.0175
22.02
22.0225
22.025
22.0275
22.03
22.0325
22.035
22.0375
22.04
22.0425
22.045
22.0475
22.05
22.0525
22.055
22.0575
22.06
22.0625
22.065
22.0675
22.07
22.0725
22.075
22.0775
22.08
22.0825
22.085
22.0875
22.09
22.0925
22.095
22.0975
22.1
22.1025
22.105
22.1075
22.11
22.1125
22.115
22.1175
22.12
22.1225
22.125
22.1275
22.13
22.1325
22.135
22.1375
22.14
22.1425
22.145
22.1475
22.15
22.1525
22.155
22.1575
22.16
22.1625
22.165
22.1675
22.17
22.1725
22.175
22.1775
22.18
22.1825
22.185
22.1875
22.19
22.1925
22.195
22.1975
22.2
22.2025
22.205
22.2075
22.21
22.2125
22.215
22.2175
22.22
22.2225
22.225
22.2275
22.23
22.2325
22.235
22.2375
22.24
22.2425
22.245
22.2475
22.25
22.2525
22.255
22.2575
22.26
22.2625
22.265
22.2675
22.27
22.2725
22.275
22.2775
22.28
22.2825
22.285
22.2875
22.29
22.2925
22.295
22.2975
22.3
22.3025
22.305
22.3075
22.31
22.3125
22.315
22.3175
22.32
22.3225
22.325
22.3275
22.33
22.3325
22.335
22.3375
22.34
22.3425
22.345
22.3475
22.35
22.3525
22.355
22.3575
22.36
22.3625
22.365
22.3675
22.37
22.3725
22.375
22.3775
22.38
22.3825
22.385
22.3875
22.39
22.3925
22.395
22.3975
22.4
22.4025
22.405
22.4075
22.41
22.4125
22.415
22.4175
22.42
22.4225
22.425
22.4275
22.43
22.4325
22.435
22.4375
22.44
22.4425
22.445
22.4475
22.45
22.4525
22.455
22.4575
22.46
22.4625
22.465
22.4675
22.47
22.4725
22.475
22.4775
22.48
22.4825
22.485
22.4875
22.49
22.4925
22.495
22.4975
22.5
22.5025
22.505
22.5075
22.51
22.5125
22.515
22.5175
22.52
