1.7982	23.5573	1.07111	-10.7381	0.207955	2.39433	-0.155961	
1.79308	23.5691	1.04541	-10.7165	0.217575	2.403	-0.162419	
1.78812	23.58	1.01616	-10.6959	0.227224	2.41157	-0.168956	
1.78306	23.5895	0.983617	-10.6747	0.236737	2.42007	-0.175518	
1.77812	23.5998	0.948892	-10.6538	0.246183	2.42861	-0.182101	
1.77315	23.6099	0.912285	-10.6331	0.255531	2.43709	-0.188674	
1.76821	23.6201	0.874224	-10.6124	0.264812	2.44555	-0.195226	
1.76328	23.6305	0.835108	-10.5916	0.274037	2.45399	-0.201747	
1.75842	23.6407	0.795172	-10.5711	0.283246	2.46239	-0.208224	
1.75339	23.651	0.754432	-10.5505	0.292357	2.47076	-0.214655	
1.74866	23.6609	0.713504	-10.5301	0.301567	2.47909	-0.221035	
1.74375	23.6711	0.672063	-10.5096	0.310672	2.48739	-0.22736	
1.73921	23.6805	0.630709	-10.4896	0.31995	2.4957	-0.233625	
1.73392	23.6923	0.58842	-10.4688	0.328487	2.50392	-0.208094	
1.72824	23.7021	0.545097	-10.4455	0.429476	2.51148	-0.193454	
1.72611	23.7118	0.503469	-10.4132	0.502767	2.517	-0.186282	
1.72563	23.7224	0.46281	-10.3753	0.556724	2.52232	-0.183778	
1.72562	23.7354	0.422532	-10.3345	0.597125	2.52815	-0.184221	
1.72493	23.7439	0.381616	-10.2944	0.628068	2.53441	-0.186557	
1.72431	23.7605	0.341207	-10.2521	0.652182	2.54156	-0.190104	
1.7231	23.7714	0.300483	-10.213	0.671831	2.549	-0.194425	
1.72147	23.7865	0.25976	-10.1742	0.688023	2.55686	-0.199242	
1.71941	23.8019	0.218884	-10.1371	0.701868	2.56487	-0.204361	
1.71696	23.8168	0.177915	-10.102	0.714104	2.57289	-0.209666	
1.7142	23.8315	0.13689	-10.0689	0.725188	2.58084	-0.215072	
1.71126	23.8462	0.095965	-10.0375	0.735478	2.58872	-0.220527	
1.70808	23.8607	0.0550806	-10.0076	0.745169	2.59648	-0.225992	
1.70473	23.8745	0.0141712	-9.97951	0.754492	2.60405	-0.23144	
1.70115	23.8882	-0.0267696	-9.95264	0.763473	2.61144	-0.236862	
1.69746	23.8996	-0.0676731	-9.92765	0.772357	2.61861	-0.242247	
1.69394	23.9146	-0.108117	-9.9025	0.781054	2.62575	-0.247584	
1.69017	23.9271	-0.148766	-9.87901	0.789699	2.6327	-0.252873	
1.68649	23.9393	-0.189047	-9.85649	0.798315	2.63949	-0.258109	
1.68268	23.9512	-0.229312	-9.83467	0.806861	2.64614	-0.263284	
1.67886	23.9629	-0.269443	-9.81349	0.815396	2.65268	-0.268404	
1.67502	23.9744	-0.309478	-9.79285	0.823953	2.65913	-0.273464	
1.67118	23.9857	-0.349302	-9.77269	0.832491	2.66547	-0.278471	
1.66735	23.9969	-0.388969	-9.75297	0.841045	2.67173	-0.283421	
1.66353	24.0078	-0.428432	-9.73361	0.849618	2.67794	-0.288309	
1.65974	24.0186	-0.467718	-9.7147	0.858215	2.68406	-0.29314	
1.65586	24.0298	-0.506977	-9.69573	0.86676	2.69012	-0.297917	
1.65207	24.0409	-0.545511	-9.67734	0.875268	2.6962	-0.302886	
1.64868	24.051	-0.583848	-9.66016	0.884504	1.91843	-0.306824	
1.64466	24.1347	-0.635634	-9.50757	0.894134	1.2382	-0.309328	
1.64491	24.2784	-0.696523	-6.23568	0.893949	0.660876	-0.310436	
1.6697	24.7411	-0.779425	-4.34643	0.878356	0.113866	-0.311801	
1.69712	25.3014	-0.867204	-3.20292	0.856957	-0.332104	-0.311994	
1.71983	25.8487	-0.952607	-2.48271	0.833227	-0.678857	-0.311201	
1.73151	19.8451	-1.03299	-2.02563	0.809798	-0.94039	-0.309481	
1.73546	14.9917	-1.1114	-1.85355	0.788364	-1.14191	-0.30715	
1.73387	11.0948	-1.17666	-1.81488	0.769807	-1.29443	-0.304172	
1.7251	7.98087	-1.23079	-1.8382	0.752402	-1.40962	-0.300603	
1.71232	5.50256	-1.27163	-1.88857	0.73602	-1.4963	-0.296506	
1.69743	3.53676	-1.2996	-1.94784	0.720315	-1.56143	-0.291941	
1.68173	1.98104	-1.31602	-2.00701	0.705121	-1.61032	-0.286977	
1.66639	0.75336	-1.32166	-2.06131	0.69026	-1.64694	-0.281658	
1.65163	-0.213582	-1.3186	-2.1087	0.675552	-1.67433	-0.276022	
1.63804	-0.974253	-1.30756	-2.14907	0.661034	-1.69481	-0.270112	
1.62567	-1.57109	-1.29002	-2.18227	0.646674	-1.71003	-0.263956	
1.61456	-2.03875	-1.26701	-2.2088	0.632479	-1.72139	-0.257521	
1.60462	-2.40455	-1.23936	-2.22942	0.6184	-1.72983	-0.250854	
1.59572	-2.68898	-1.20792	-2.24476	0.604507	-1.73609	-0.243964	
1.58772	-2.91056	-1.17368	-2.25584	0.590778	-1.74072	-0.236882	
1.58073	-3.08181	-1.13675	-2.26314	0.577236	-1.74406	-0.229619	
1.57446	-3.21414	-1.09797	-2.26744	0.563839	-1.74648	-0.222188	
1.56881	-3.31524	-1.05764	-2.26895	0.55057	-1.74801	-0.214576	
1.56369	-3.39221	-1.0161	-2.26824	0.537484	-1.74886	-0.206806	
1.559	-3.44967	-0.97367	-2.2656	0.524565	-1.74922	-0.198885	
1.55471	-3.49215	-0.930402	-2.26142	0.511859	-1.74918	-0.19082	
1.5507	-3.52295	-0.886617	-2.25601	0.499362	-1.74886	-0.182615	
1.54701	-3.54432	-0.842255	-2.24953	0.487042	-1.74833	-0.174266	
1.54345	-3.55822	-0.797642	-2.24212	0.474892	-1.74766	-0.165788	
1.54008	-3.56643	-0.752743	-2.23388	0.462923	-1.74681	-0.157179	
1.53683	-3.57004	-0.707642	-2.22503	0.451123	-1.74589	-0.14844	
1.53377	-3.56986	-0.662324	-2.21558	0.439528	-1.74486	-0.139576	
1.53078	-3.56714	-0.616913	-2.20576	0.428069	-1.7438	-0.130585	
1.52787	-3.56191	-0.571441	-2.19543	0.416761	-1.74265	-0.121472	
1.52495	-3.55522	-0.525953	-2.18488	0.405603	-1.7415	-0.112245	
1.52228	-3.54624	-0.480295	-2.17366	0.394571	-1.74025	-0.102892	
1.51954	-3.53657	-0.43467	-2.16234	0.383665	-1.73898	-0.0934268	
1.51689	-3.5259	-0.389032	-2.15071	0.372911	-1.73768	-0.0838512	
1.51425	-3.51435	-0.343396	-2.1388	0.36223	-1.73635	-0.0741604	
1.51167	-3.50244	-0.297709	-2.12676	0.351697	-1.735	-0.0643608	
1.50911	-3.48963	-0.252066	-2.11432	0.341231	-1.73359	-0.0544547	
1.5066	-3.47657	-0.206386	-2.1018	0.330889	-1.73216	-0.044442	
1.50414	-3.46299	-0.160677	-2.08912	0.320643	-1.73071	-0.0343242	
1.50164	-3.44906	-0.115024	-2.07609	0.310445	-1.72919	-0.0241051	
1.49926	-3.43492	-0.069283	-2.06298	0.300369	-1.72768	-0.0137843	
1.49682	-3.42043	-0.0236242	-2.0496	0.290331	-1.72609	-0.00336399	
1.49443	-3.40583	0.0221058	-2.03607	0.28037	-1.72449	0.00715281	
1.49181	-3.38868	0.0675452	-2.02163	0.27025	-1.72284	0.0177683	
1.48984	-3.37569	0.113719	-2.00868	0.260685	-1.72118	0.0284686	
1.48755	-3.36106	0.159559	-1.99488	0.250941	-1.71948	0.039266	
1.48525	-3.34466	0.20593	-1.98062	0.241326	-1.71775	0.0486636	
1.48296	-3.32844	0.252924	-1.96655	0.232103	-1.71603	0.0568111	
1.48072	-3.31265	0.300255	-1.95316	0.227395	-1.71416	0.0633177	
1.47855	-3.297	0.348635	-1.94008	0.22538	-1.71218	0.0684879	
1.47632	-3.28135	0.398007	-1.92713	0.224947	-1.71014	0.0726485	
1.47411	-3.26515	0.448439	-1.91417	0.225542	-1.70807	0.0760587	
1.47199	-3.2496	0.489316	-1.90241	0.226526	-1.70613	0.0785685	
1.46991	-3.2345	0.522373	-1.89139	0.227523	-1.70431	0.0804075	
1.46776	-3.21905	0.549044	-1.88091	0.22829	-1.70259	0.0817414	
1.46566	-3.20482	0.570727	-1.87126	0.228959	-1.70095	0.0826953	
1.46358	-3.19035	0.588407	-1.86187	0.229408	-1.69938	0.0833597	
1.46153	-3.17524	0.602921	-1.85259	0.229655	-1.69781	0.0838032	
1.45946	-3.16128	0.614897	-1.8439	0.229772	-1.6963	0.0840786	
1.4574	-3.14688	0.624848	-1.83522	0.229722	-1.69484	0.0842259	
1.45544	-3.13247	0.633334	-1.82674	0.229583	-1.69337	0.0842729	
1.45346	-3.11799	0.640613	-1.8183	0.229334	-1.69191	0.0842541	
1.44856	-3.10457	0.642927	-1.80938	0.134058	-1.69061	0.0841317	
1.44915	-3.4494	0.649435	-1.92264	0.0794184	-1.69504	0.0842509	
1.42498	-3.0023	0.635028	-1.75903	-0.0032637	-1.68626	0.0838613	
1.4139	-3.01955	0.630715	-1.75684	-0.0474497	-1.68492	0.0837539	
1.40305	-3.03181	0.62643	-1.75267	-0.0820875	-1.68331	0.0836265	
1.39291	-3.03948	0.622607	-1.74708	-0.109308	-1.68146	0.0834773	
1.38372	-3.04387	0.61949	-1.74061	-0.130752	-1.67938	0.0833085	
1.37556	-3.04501	0.617213	-1.73341	-0.147715	-1.67714	0.0831194	
1.36834	-3.0439	0.615739	-1.72593	-0.161202	-1.67474	0.0829111	
1.36198	-3.0402	0.615026	-1.71795	-0.172014	-1.67221	0.0826877	
1.35638	-3.03505	0.615017	-1.70983	-0.180732	-1.6696	0.0824493	
1.35143	-3.02758	0.615633	-1.7013	-0.187871	-1.66687	0.0821982	
1.34706	-3.02017	0.616782	-1.69316	-0.193685	-1.66409	0.08193	
1.34312	-3.01054	0.618415	-1.68446	-0.198598	-1.66124	0.0816654	
1.33957	-2.99979	0.620424	-1.6756	-0.202759	-1.65834	0.0813839	
1.33638	-2.98854	0.622819	-1.66683	-0.206302	-1.6554	0.0810936	
1.33336	-2.97681	0.625399	-1.65798	-0.209424	-1.65242	0.0807962	
1.33053	-2.96434	0.628219	-1.64907	-0.212204	-1.64941	0.0804916	
1.32798	-2.9514	0.631321	-1.64013	-0.214653	-1.64639	0.0801812	
1.32555	-2.93803	0.634572	-1.63109	-0.2169	-1.64337	0.0798653	
1.32321	-2.92456	0.637959	-1.62208	-0.218963	-1.64026	0.0795415	
1.32099	-2.90967	0.641455	-1.61267	-0.220922	-1.63718	0.0792156	
1.31883	-2.89601	0.645041	-1.60365	-0.222715	-1.6341	0.0788842	
1.31674	-2.88165	0.648743	-1.59455	-0.224424	-1.63099	0.0785464	
1.3147	-2.86696	0.652518	-1.58531	-0.226065	-1.62786	0.0782035	
1.31271	-2.85177	0.656362	-1.57595	-0.227645	-1.62472	0.0778569	
1.31083	-2.836	0.660311	-1.56632	-0.22917	-1.62156	0.0775043	
1.30892	-2.82071	0.664286	-1.55702	-0.230611	-1.61842	0.0771504	
1.30707	-2.80496	0.668323	-1.54751	-0.232032	-1.61525	0.0767901	
1.30522	-2.78948	0.672381	-1.53804	-0.233393	-1.61208	0.0764262	
1.30343	-2.77339	0.676502	-1.52842	-0.234721	-1.6089	0.0760586	
1.30162	-2.75717	0.680627	-1.51876	-0.236031	-1.60569	0.075686	
1.2999	-2.74074	0.684869	-1.50906	-0.237275	-1.60249	0.0753098	
1.29812	-2.72425	0.689049	-1.49926	-0.238534	-1.59931	0.0749308	
1.29645	-2.70751	0.693373	-1.48934	-0.239685	-1.59603	0.0745471	
1.29478	-2.69061	0.697706	-1.47954	-0.240822	-1.59278	0.0741593	
1.29307	-2.67402	0.702007	-1.46968	-0.241947	-1.58954	0.0737694	
1.2914	-2.65668	0.706361	-1.45962	-0.243042	-1.58628	0.0733756	
1.28973	-2.63899	0.710749	-1.44942	-0.244125	-1.58299	0.0729791	
1.28812	-2.6214	0.715182	-1.43932	-0.245143	-1.57971	0.0725778	
1.28651	-2.60376	0.719652	-1.42913	-0.246132	-1.57642	0.0721738	
1.28494	-2.58514	0.724141	-1.41866	-0.247102	-1.57311	0.0717679	
1.28332	-2.5681	0.728598	-1.4086	-0.248008	-1.5698	0.0713564	
1.28175	-2.54979	0.733123	-1.39819	-0.248909	-1.56646	0.0709466	
1.28023	-2.53108	0.737718	-1.38767	-0.249761	-1.56312	0.0705307	
1.27868	-2.51284	0.742269	-1.37723	-0.250581	-1.55976	0.0701126	
1.27714	-2.49662	0.746807	-1.3674	-0.251323	-1.5564	0.0696993	
1.27565	-2.47461	0.751476	-1.35581	-0.252144	-1.55299	0.0692683	
1.27419	-2.45614	0.756135	-1.3453	-0.252828	-1.54959	0.0688434	
1.27274	-2.43808	0.760796	-1.33488	-0.253463	-1.54624	0.0684157	
1.27114	-2.41658	0.765376	-1.32339	-0.254252	-1.54274	0.0679856	
1.26967	-2.39536	0.769895	-1.31203	-0.254976	-1.53949	0.0675269	
1.26822	-2.37782	0.774367	-1.30189	-0.255495	-1.53641	0.0670469	
1.26678	-2.35881	0.778873	-1.2914	-0.255993	-1.5334	0.06655	
1.26533	-2.33998	0.783281	-1.28097	-0.256489	-1.53048	0.0660433	
1.2639	-2.31886	0.78759	-1.26979	-0.257026	-1.5276	0.0655131	
1.26251	-2.29819	0.791858	-1.2589	-0.257505	-1.52474	0.0649797	
1.26105	-2.27867	0.795993	-1.24822	-0.257959	-1.52194	0.0644387	
1.25963	-2.25861	0.800102	-1.23747	-0.258379	-1.51914	0.0638909	
1.25825	-2.23832	0.804185	-1.22663	-0.258757	-1.51633	0.0633386	
1.25682	-2.21754	0.808181	-1.2156	-0.259161	-1.51353	0.06278	
1.25543	-2.1967	0.81214	-1.2045	-0.259513	-1.51072	0.0622195	
1.25407	-2.17596	0.816101	-1.19352	-0.25979	-1.50793	0.0616549	
1.25263	-2.15458	0.819934	-1.1822	-0.260148	-1.5051	0.0610882	
1.25123	-2.13207	0.823759	-1.17059	-0.260478	-1.50226	0.060523	
1.24991	-2.11294	0.827611	-1.16001	-0.260616	-1.49941	0.0599458	
1.24848	-2.09	0.831342	-1.14819	-0.260906	-1.49656	0.0593804	
1.24717	-2.06987	0.835114	-1.13721	-0.261025	-1.49367	0.0587971	
1.24582	-2.04769	0.838825	-1.12566	-0.261198	-1.49076	0.0582208	
1.24443	-2.0255	0.842454	-1.11396	-0.261361	-1.48785	0.0576449	
1.2431	-2.00348	0.846104	-1.10232	-0.261466	-1.48491	0.0570669	
1.24176	-1.98127	0.849714	-1.09061	-0.261535	-1.48196	0.0564879	
1.24035	-1.95867	0.853203	-1.07875	-0.261655	-1.47895	0.0559065	
1.23929	-1.93558	0.85699	-1.06688	-0.261516	-1.47599	0.0553301	
1.2374	-1.91457	0.859917	-1.05502	-0.261855	-1.47295	0.0547439	
1.23637	-1.89086	0.863658	-1.04296	-0.261665	-1.46992	0.0541642	
1.23499	-1.86809	0.867007	-1.03089	-0.261659	-1.46685	0.0535824	
1.23365	-1.84488	0.870367	-1.01872	-0.261603	-1.46378	0.0530003	
1.2323	-1.82187	0.873652	-1.0065	-0.261532	-1.46068	0.0524193	
1.23092	-1.79871	0.87685	-0.994171	-0.261461	-1.45753	0.0518379	
1.22959	-1.77536	0.880065	-0.981848	-0.261335	-1.45439	0.0512565	
1.22824	-1.75194	0.883215	-0.969433	-0.261195	-1.45123	0.0506759	
1.22689	-1.72837	0.88633	-0.956933	-0.261034	-1.44803	0.0500951	
1.22558	-1.70505	0.889418	-0.944475	-0.260829	-1.44482	0.049515	
1.22419	-1.68121	0.892396	-0.931787	-0.260658	-1.44158	0.0489353	
1.22285	-1.65805	0.895337	-0.919329	-0.260407	-1.43832	0.0483588	
1.22147	-1.63319	0.898222	-0.906236	-0.260225	-1.43503	0.0477792	
1.22012	-1.60955	0.901084	-0.893482	-0.259952	-1.43174	0.0472027	
1.21878	-1.58679	0.903886	-0.881048	-0.259638	-1.4284	0.0466274	
1.21743	-1.56171	0.906666	-0.867855	-0.259359	-1.42505	0.0460522	
1.21605	-1.53754	0.909322	-0.854792	-0.259073	-1.42168	0.0454789	
1.2147	-1.51334	0.911979	-0.841755	-0.258747	-1.4183	0.0449064	
1.21332	-1.48924	0.914553	-0.828636	-0.258404	-1.41488	0.0443368	
1.21196	-1.46509	0.917094	-0.815605	-0.25804	-1.41143	0.0437667	
1.2106	-1.44057	0.91958	-0.802326	-0.257669	-1.40798	0.0431993	
1.2092	-1.4168	0.921973	-0.789228	-0.257282	-1.40449	0.0426336	
1.20786	-1.39191	0.924382	-0.77581	-0.256874	-1.40099	0.0420699	
1.20649	-1.36845	0.926699	-0.762655	-0.256426	-1.39744	0.0415087	
1.20509	-1.34397	0.928945	-0.74922	-0.256018	-1.3939	0.0409478	
1.2037	-1.3198	0.93114	-0.735917	-0.255577	-1.39033	0.0403888	
1.20232	-1.29597	0.933296	-0.722596	-0.255108	-1.38674	0.0398325	
1.20092	-1.2714	0.935387	-0.709038	-0.25465	-1.38312	0.0392788	
1.19959	-1.24664	0.937465	-0.695372	-0.254153	-1.3795	0.038728	
1.1982	-1.22197	0.939452	-0.681707	-0.253678	-1.37582	0.0381781	
1.19683	-1.1985	0.941395	-0.668316	-0.253149	-1.37216	0.0376321	
1.19518	-1.17691	0.94305	-0.655345	-0.252713	-1.36846	0.0370883	
1.19403	-1.14947	0.945095	-0.640847	-0.252142	-1.36475	0.0365453	
1.19261	-1.12555	0.946836	-0.627202	-0.25162	-1.36098	0.0360067	
1.19122	-1.10147	0.948563	-0.61358	-0.25108	-1.35722	0.0354698	
1.18983	-1.07756	0.950225	-0.599837	-0.250529	-1.35345	0.0349366	
1.18843	-1.05357	0.951846	-0.586116	-0.249978	-1.34965	0.034406	
1.18691	-1.03109	0.953294	-0.572632	-0.249477	-1.34582	0.0338779	
1.18564	-1.00571	0.954939	-0.558494	-0.24884	-1.34198	0.0333534	
1.18424	-0.98234	0.956401	-0.544835	-0.248262	-1.33811	0.0328316	
1.18283	-0.958739	0.957793	-0.530984	-0.247688	-1.33424	0.0323143	
1.18144	-0.934698	0.959177	-0.51709	-0.247109	-1.33036	0.0317972	
1.18003	-0.911667	0.960491	-0.503392	-0.246514	-1.32644	0.0312858	
1.17866	-0.888454	0.961773	-0.489612	-0.245909	-1.32249	0.0307778	
1.17725	-0.865001	0.962966	-0.475664	-0.245326	-1.31851	0.0302725	
1.1758	-0.841811	0.964109	-0.461829	-0.244755	-1.31456	0.0297698	
1.17446	-0.818744	0.965286	-0.447982	-0.244118	-1.31056	0.0292721	
1.17306	-0.795754	0.966367	-0.434125	-0.243518	-1.30655	0.0287774	
1.17166	-0.773415	0.967408	-0.420416	-0.242898	-1.30253	0.0282858	
1.17029	-0.750182	0.968449	-0.406483	-0.242284	-1.29852	0.0277976	
1.16891	-0.727597	0.969405	-0.392629	-0.241674	-1.29446	0.0273146	
1.16751	-0.704962	0.970314	-0.378747	-0.241072	-1.29039	0.0268347	
1.16616	-0.684468	0.971214	-0.3654	-0.240398	-1.28628	0.0263589	
1.16475	-0.660752	0.972029	-0.351207	-0.239857	-1.28226	0.0258855	
1.16341	-0.636158	0.972904	-0.336796	-0.239262	-1.27814	0.0254145	
1.16206	-0.61669	0.973684	-0.323613	-0.238572	-1.27394	0.0249528	
1.16071	-0.594752	0.974045	-0.309905	-0.237989	-1.26969	0.0244709	
1.15933	-0.573284	0.974144	-0.296232	-0.237433	-1.26533	0.0239852	
1.15799	-0.551998	0.974138	-0.282586	-0.236871	-1.2609	0.0234994	
1.15665	-0.530312	0.97404	-0.268811	-0.236349	-1.2564	0.0230155	
1.15527	-0.509028	0.973866	-0.255044	-0.235853	-1.25186	0.0225363	
1.15401	-0.486741	0.973786	-0.241093	-0.235304	-1.24729	0.0220621	
1.15264	-0.468218	0.973521	-0.227945	-0.234778	-1.24268	0.0215951	
1.15134	-0.445045	0.973366	-0.213665	-0.234308	-1.23808	0.0211315	
1.14998	-0.427689	0.973088	-0.200805	-0.233764	-1.2334	0.0206723	
1.14871	-0.406427	0.972899	-0.186995	-0.233263	-1.22872	0.0202185	
1.14738	-0.386866	0.972644	-0.173565	-0.232759	-1.22405	0.0197704	
1.14609	-0.366705	0.9724	-0.159943	-0.232266	-1.21937	0.0193279	
1.14482	-0.346643	0.97216	-0.146356	-0.231759	-1.21464	0.0188904	
1.14354	-0.326786	0.971909	-0.132788	-0.231264	-1.20992	0.0184578	
1.14226	-0.306645	0.971611	-0.1191	-0.230804	-1.20522	0.0180315	
1.14103	-0.288464	0.971376	-0.10598	-0.230258	-1.20046	0.0176082	
1.13977	-0.268796	0.97109	-0.0924569	-0.229785	-1.19572	0.0171905	
1.13848	-0.251323	0.97075	-0.0793874	-0.229305	-1.19098	0.0167771	
1.13731	-0.231192	0.970533	-0.0657718	-0.228795	-1.18622	0.0163709	
1.13609	-0.212645	0.970247	-0.0524954	-0.228305	-1.18146	0.0159696	
1.13489	-0.193982	0.969956	-0.0391864	-0.227819	-1.17669	0.0155723	
1.13367	-0.176164	0.969653	-0.0260578	-0.227338	-1.17192	0.0151793	
1.13249	-0.157967	0.969356	-0.0128561	-0.226864	-1.16715	0.0147918	
1.13132	-0.140046	0.969087	0.000250017	-0.226374	-1.16238	0.0144083	
1.13015	-0.122483	0.968784	0.0133204	-0.225899	-1.15757	0.0140305	
1.12899	-0.105045	0.968487	0.0263398	-0.225424	-1.15277	0.0136569	
1.12784	-0.0876284	0.968208	0.0393925	-0.224951	-1.14799	0.0132883	
1.12671	-0.0708919	0.967925	0.0521799	-0.224481	-1.14319	0.0129241	
1.12556	-0.0525022	0.967631	0.0654842	-0.224056	-1.13839	0.0125637	
1.12432	-0.0467161	0.967207	0.0755871	-0.223507	-1.13357	0.0122151	
1.1234	-0.0190176	0.967141	0.0910939	-0.223089	-1.12877	0.0118596	
1.12232	-0.00327564	0.966875	0.103632	-0.222626	-1.12396	0.011514	
1.12123	0.0129014	0.966596	0.11632	-0.222182	-1.11915	0.0111731	
1.12018	0.028557	0.966361	0.128808	-0.22172	-1.11435	0.0108367	
1.11912	0.0441411	0.966109	0.141343	-0.221266	-1.10953	0.0105047	
1.11806	0.0591448	0.965863	0.153711	-0.220824	-1.10472	0.0101777	
1.11718	0.0868536	0.965815	0.16903	-0.220436	-1.10004	0.00985078	
1.11599	0.0862043	0.965373	0.177748	-0.21992	-1.09504	0.00953773	
1.11499	0.101894	0.965176	0.190275	-0.219492	-1.09025	0.00922468	
1.11403	0.117576	0.965011	0.202712	-0.219058	-1.08545	0.00891244	
1.11306	0.132442	0.964839	0.215027	-0.218621	-1.08064	0.00860681	
1.11209	0.147352	0.964659	0.227308	-0.218196	-1.07582	0.00830585	
1.11114	0.161179	0.964485	0.239279	-0.217779	-1.07101	0.0080082	
1.1102	0.176526	0.964337	0.251602	-0.217378	-1.06623	0.00771451	
1.10929	0.190098	0.9642	0.263522	-0.216951	-1.06143	0.00742617	
1.10837	0.203198	0.964072	0.275292	-0.216531	-1.0566	0.00714123	
1.10751	0.216346	0.963981	0.287045	-0.216093	-1.05177	0.00686095	
1.10661	0.229781	0.963883	0.298871	-0.215693	-1.04697	0.00658372	
1.10575	0.242748	0.963799	0.310572	-0.215279	-1.04215	0.00631148	
1.10488	0.25593	0.963659	0.322292	-0.214876	-1.03739	0.0060401	
1.10496	0.276952	0.966563	0.333269	-0.12166	-1.03245	0.0058	
1.10571	0.30318	0.980705	0.342792	-0.0576358	-1.02759	0.00560826	
1.10848	0.32706	0.997562	0.350764	-0.0131232	-1.02299	0.00543762	
1.11281	0.349128	1.01332	0.358233	0.0180911	-1.0186	0.00527074	
1.11788	0.371662	1.02664	0.366167	0.0401151	-1.01455	0.00510129	
1.12294	0.389692	1.03727	0.373687	0.0557221	-1.01064	0.00492549	
1.12755	0.405505	1.04544	0.381312	0.0667674	-1.00688	0.00474313	
1.13156	0.420981	1.0516	0.389519	0.0745819	-1.00328	0.0045537	
1.13485	0.434339	1.05612	0.397741	0.0800746	-0.999757	0.00435924	
1.13744	0.444906	1.05931	0.405857	0.0838998	-0.996263	0.00416179	
1.13948	0.45512	1.06154	0.414228	0.0865238	-0.992855	0.00396138	
1.14097	0.468063	1.06302	0.423513	0.088237	-0.989482	0.0037584	
1.14205	0.477474	1.06391	0.43228	0.0893339	-0.986124	0.00355633	
1.14284	0.486802	1.0644	0.441171	0.0899786	-0.982791	0.00335428	
1.14331	0.495511	1.06452	0.450143	0.0902503	-0.979465	0.0031536	
1.14357	0.502925	1.06441	0.458862	0.0902809	-0.976136	0.00295414	
1.14373	0.511965	1.06415	0.468099	0.0901403	-0.972843	0.00275739	
1.14375	0.52013	1.06375	0.477183	0.0898546	-0.969558	0.00256388	
1.14365	0.527581	1.06323	0.486164	0.0894637	-0.966249	0.00237253	
1.14356	0.535161	1.06271	0.495136	0.0890283	-0.962947	0.00218414	
1.14332	0.541953	1.06203	0.504062	0.0884829	-0.959663	0.00199961	
1.14312	0.548386	1.0614	0.51282	0.0879362	-0.956364	0.00181692	
1.14292	0.556598	1.06077	0.521938	0.0873772	-0.95306	0.00163915	
1.14264	0.563324	1.06006	0.530801	0.0867521	-0.949754	0.00146344	
1.14237	0.569712	1.05936	0.5396	0.0861267	-0.94647	0.00129307	
1.14212	0.575865	1.05868	0.54825	0.0854929	-0.943163	0.00112395	
1.14192	0.582641	1.05804	0.557063	0.0848949	-0.939864	0.000960468	
1.14158	0.588564	1.05729	0.56571	0.0841915	-0.936561	0.000798413	
1.14135	0.594765	1.05664	0.574362	0.0835588	-0.933262	0.00064088	
1.14113	0.600836	1.05599	0.582935	0.0829166	-0.929964	0.000486791	
1.14089	0.60649	1.05531	0.591456	0.0822597	-0.926654	0.000336233	
1.14068	0.612792	1.0547	0.600032	0.0816166	-0.923363	0.000188741	
1.14048	0.618133	1.05408	0.608375	0.0809675	-0.920062	4.34627e-05	
1.14025	0.623038	1.05345	0.616642	0.0803084	-0.916746	-9.73003e-05	
1.14005	0.62818	1.05284	0.624933	0.0796619	-0.913412	-0.00023569	
1.13986	0.633891	1.05224	0.633332	0.0790071	-0.910119	-0.000369446	
1.13967	0.638339	1.05163	0.641464	0.0783439	-0.906802	-0.000500763	
1.1395	0.643323	1.05108	0.649603	0.0777022	-0.9035	-0.000629709	
1.13966	0.650708	1.05084	0.65791	0.0773058	-0.900308	-0.000749978	
1.13913	0.652216	1.04989	0.66572	0.076353	-0.896839	-0.000877789	
1.13899	0.656946	1.04934	0.673818	0.0757222	-0.893542	-0.000995233	
1.13892	0.661563	1.04888	0.681795	0.0751178	-0.890245	-0.00111108	
1.13876	0.665805	1.04832	0.689645	0.0744449	-0.886925	-0.00122445	
1.1387	0.670123	1.0479	0.697437	0.0738659	-0.883622	-0.00133485	
1.13852	0.673576	1.04731	0.705238	0.0731558	-0.880312	-0.00144262	
1.13849	0.67854	1.04692	0.713149	0.0725888	-0.877009	-0.00154631	
1.13842	0.682235	1.04644	0.720838	0.0719651	-0.873706	-0.00164638	
1.13831	0.686074	1.04596	0.728598	0.0713149	-0.870382	-0.00174564	
1.13828	0.689151	1.04554	0.736038	0.0707194	-0.867066	-0.00184075	
1.13823	0.69292	1.04513	0.743615	0.0700974	-0.863774	-0.00193462	
1.13818	0.696713	1.04472	0.751196	0.069482	-0.860464	-0.00202529	
1.13814	0.700077	1.04473	0.758732	0.0688992	-0.857003	-0.00210115	
1.13813	0.70359	1.045	0.76626	0.0683392	-0.853425	-0.00216871	
1.1381	0.705853	1.04542	0.773553	0.0677863	-0.849767	-0.00223011	
1.13811	0.708184	1.046	0.780787	0.0672597	-0.846071	-0.00228847	
1.13809	0.711983	1.0466	0.788388	0.0667231	-0.842346	-0.00234272	
1.13811	0.714849	1.04728	0.795717	0.0662063	-0.838614	-0.00239478	
1.13816	0.717492	1.048	0.803012	0.0657109	-0.834856	-0.00244333	
1.13815	0.720099	1.04868	0.810284	0.0651725	-0.831081	-0.00249136	
1.13821	0.722624	1.04945	0.817498	0.0646907	-0.827308	-0.00253666	
1.13822	0.724821	1.05017	0.824669	0.0641659	-0.823532	-0.00257944	
1.1376	0.727356	1.0503	0.832318	0.0631144	-0.819742	-0.00263053	
1.13998	0.726974	1.05333	0.837093	0.0647054	-0.815973	-0.00263593	
1.13815	0.731811	1.05227	0.846215	0.0624606	-0.81221	-0.00270589	
1.13832	0.733683	1.05314	0.853085	0.0620512	-0.808449	-0.0027423	
1.13843	0.735455	1.05398	0.859955	0.0616104	-0.804671	-0.00277846	
1.13855	0.737042	1.0548	0.866835	0.0611721	-0.800912	-0.00281146	
1.13929	0.738947	1.05627	0.873195	0.0613683	-0.797152	-0.00283377	
1.13934	0.740882	1.057	0.880106	0.0608097	-0.793347	-0.00286894	
1.1392	0.741541	1.05758	0.886852	0.0600999	-0.789667	-0.00290458	
1.13834	0.742593	1.05748	0.8942	0.0586995	-0.78592	-0.0029509	
1.13879	0.743931	1.05863	0.900642	0.0585803	-0.782176	-0.00297311	
1.13932	0.745113	1.05986	0.906858	0.0585346	-0.778453	-0.00299474	
1.13939	0.746242	1.06062	0.913497	0.0580289	-0.774713	-0.00302181	
1.13972	0.747172	1.06166	0.919839	0.0577534	-0.770985	-0.00304484	
1.13993	0.748272	1.06257	0.926272	0.0573756	-0.767253	-0.00306874	
1.13964	0.74918	1.063	0.932976	0.0566187	-0.76353	-0.00309732	
1.1399	0.749707	1.06394	0.939231	0.0562686	-0.759823	-0.00311823	
1.13987	0.750199	1.06463	0.945601	0.0557193	-0.756117	-0.00314224	
1.14054	0.750664	1.06598	0.951512	0.0556945	-0.752415	-0.00315662	
1.14167	0.751221	1.06777	0.95716	0.0560287	-0.748716	-0.00316322	
1.14074	0.751096	1.06755	0.963877	0.0547704	-0.745016	-0.00319686	
1.14096	0.751283	1.06848	0.969974	0.054408	-0.741333	-0.00321331	
1.14222	0.7516	1.07039	0.975341	0.0548806	-0.737665	-0.00321369	
1.14002	0.751029	1.06895	0.982673	0.0526145	-0.733982	-0.00326317	
1.14174	0.751545	1.07131	0.987922	0.0533946	-0.730297	-0.00325795	
1.14195	0.751386	1.0722	0.993787	0.0530264	-0.72663	-0.00327188	
1.14259	0.756029	1.0735	1.00034	0.0531641	-0.723055	-0.00327494	
1.14228	0.74952	1.07388	1.00527	0.0521857	-0.719294	-0.00329879	
1.14253	0.749081	1.07481	1.01101	0.0518558	-0.715643	-0.0033095	
1.1428	0.748881	1.07576	1.01671	0.0515409	-0.712	-0.00331968	
1.14306	0.748806	1.07668	1.02247	0.0512273	-0.708365	-0.003329	
1.14332	0.748206	1.07762	1.02809	0.0509117	-0.704719	-0.00333702	
1.14358	0.747474	1.07855	1.03369	0.0505867	-0.701096	-0.00334464	
1.14386	0.746618	1.07949	1.03919	0.0502821	-0.697476	-0.00335065	
1.14413	0.745841	1.08041	1.04469	0.0499646	-0.69384	-0.0033579	
1.1444	0.744816	1.08136	1.05009	0.0496557	-0.690218	-0.00336387	
1.14466	0.74373	1.08229	1.05547	0.0493538	-0.686602	-0.00336905	
1.14495	0.742501	1.08322	1.06081	0.0490523	-0.68299	-0.00337246	
1.14524	0.741272	1.08417	1.06608	0.0487605	-0.679385	-0.00337622	
1.14553	0.739881	1.08511	1.07135	0.0484711	-0.675784	-0.00337903	
1.14582	0.738509	1.08607	1.07653	0.0481849	-0.672194	-0.00338188	
1.14612	0.737007	1.08703	1.08166	0.0479111	-0.668589	-0.00338421	
1.14643	0.735323	1.08797	1.08676	0.0476328	-0.665007	-0.00338475	
1.14673	0.733745	1.08893	1.09183	0.0473609	-0.661417	-0.00338592	
1.14705	0.73201	1.08988	1.09683	0.0470957	-0.657848	-0.00338583	
1.14736	0.730139	1.09085	1.10179	0.0468369	-0.65427	-0.00338553	
1.14767	0.728212	1.09058	1.10599	0.0466636	-0.650823	-0.00339253	
1.14799	0.725932	1.08918	1.10942	0.046528	-0.647543	-0.00341312	
1.14829	0.722919	1.08691	1.11211	0.0464048	-0.644377	-0.00345282	
1.1486	0.720682	1.0838	1.11452	0.0462734	-0.641358	-0.00351048	
1.14893	0.717622	1.0801	1.1163	0.046122	-0.638395	-0.00358437	
1.14924	0.714266	1.07594	1.11781	0.0459577	-0.635543	-0.00367501	
1.14957	0.71063	1.0714	1.11902	0.0457724	-0.63274	-0.00378109	
1.14989	0.706934	1.06663	1.11996	0.0455857	-0.629998	-0.00390104	
1.15023	0.703072	1.06164	1.12088	0.0454157	-0.627304	-0.00403024	
1.15055	0.699083	1.0565	1.12168	0.0452501	-0.624648	-0.00416855	
1.15089	0.694644	1.05129	1.12219	0.0451382	-0.62201	-0.00431509	
1.1513	0.691016	1.04605	1.12281	0.0450915	-0.619407	-0.00446837	
1.15156	0.685826	1.04064	1.12312	0.0449672	-0.616801	-0.00462823	
1.1519	0.681367	1.03524	1.12351	0.0449425	-0.614239	-0.00479214	
1.15224	0.676396	1.02983	1.1237	0.0449663	-0.611665	-0.0049595	
1.15258	0.672236	1.02438	1.12412	0.0450306	-0.60915	-0.00512912	
1.15292	0.667506	1.01892	1.12433	0.0451445	-0.606632	-0.00530159	
1.15329	0.662349	1.01348	1.12433	0.0453157	-0.604093	-0.00547591	
1.15364	0.657381	1.0081	1.12447	0.0455481	-0.601608	-0.00565306	
1.15398	0.652778	1.0027	1.12467	0.0458166	-0.599137	-0.00583272	
1.15434	0.647812	0.99727	1.12468	0.0461495	-0.596664	-0.00601234	
1.15469	0.642488	0.991808	1.1246	0.0465207	-0.594198	-0.00619066	
1.15504	0.637215	0.986333	1.12457	0.0469473	-0.591746	-0.00636999	
1.1554	0.631949	0.980853	1.12443	0.0474306	-0.589309	-0.00655041	
1.15575	0.626684	0.975322	1.12432	0.0479564	-0.586887	-0.00672937	
1.15612	0.62119	0.969802	1.1241	0.0485398	-0.584462	-0.00690977	
1.15652	0.613517	0.964289	1.12345	0.0491457	-0.582048	-0.00709009	
1.15683	0.610549	0.958684	1.12372	0.0498725	-0.579688	-0.00726804	
1.15722	0.604833	0.95313	1.12339	0.0506192	-0.57733	-0.00744783	
1.15755	0.598732	0.947506	1.12293	0.0514088	-0.574935	-0.0076262	
1.15795	0.593072	0.941902	1.12262	0.0522649	-0.572603	-0.00780511	
1.1583	0.58725	0.936259	1.12224	0.053166	-0.570278	-0.00798322	
1.15866	0.581229	0.930599	1.12176	0.0541257	-0.567957	-0.0081607	
1.15903	0.575244	0.924925	1.12126	0.0551422	-0.565649	-0.00833831	
1.1594	0.56917	0.91923	1.12069	0.0562138	-0.563358	-0.00851541	
1.15977	0.563038	0.913505	1.12012	0.0573386	-0.561072	-0.00869174	
1.16009	0.557249	0.907721	1.11961	0.0584996	-0.558817	-0.00886801	
1.16038	0.55267	0.901858	1.11941	0.0596943	-0.556607	-0.00904366	
1.16091	0.543643	0.896216	1.11807	0.0610665	-0.554302	-0.00921585	
1.16126	0.537387	0.890366	1.11739	0.0623928	-0.552096	-0.00938991	
1.16163	0.531025	0.884496	1.11667	0.0637878	-0.549901	-0.00956262	
1.16199	0.524611	0.878594	1.1159	0.0652384	-0.547703	-0.00973466	
1.16235	0.518004	0.872674	1.11509	0.066742	-0.545518	-0.00990573	
1.16271	0.511736	0.866713	1.11432	0.0683065	-0.543379	-0.0100754	
1.16307	0.504887	0.86073	1.11331	0.0699109	-0.541238	-0.0102457	
1.16346	0.498274	0.854747	1.11251	0.0715999	-0.539093	-0.0104133	
1.16382	0.491063	0.848721	1.11145	0.0733102	-0.536967	-0.0105816	
1.16418	0.484189	0.842628	1.11049	0.0750815	-0.53487	-0.0107473	
1.16453	0.478362	0.836499	1.10967	0.0769226	-0.532822	-0.0109119	
1.1649	0.470069	0.830513	1.1084	0.0783381	-0.53061	-0.01108	
1.15965	0.496181	0.363292	1.10131	0.0737459	-0.525482	-0.0112513	
1.09039	0.286072	-0.0722465	1.02196	0.0531828	-0.519292	-0.0114177	
0.975506	0.552762	-0.46108	1.0331	0.0334966	-0.52331	-0.0114731	
0.855381	0.5214	-0.775267	0.978785	0.00942509	-0.523291	-0.0115799	
0.738801	0.482239	-1.02267	0.925799	-0.0127784	-0.523328	-0.0117479	
0.633499	0.447957	-1.21375	0.879801	-0.0318721	-0.52354	-0.0118052	
0.542474	0.408267	-1.36006	0.83922	-0.0479349	-0.522903	-0.0119423	
0.465898	0.368215	-1.47167	0.805036	-0.06095	-0.521461	-0.012093	
0.402386	0.329444	-1.55694	0.777099	-0.0713187	-0.519211	-0.0122425	
0.350175	0.291617	-1.62226	0.75439	-0.0793877	-0.516139	-0.0123919	
0.307342	0.255493	-1.67254	0.736096	-0.085519	-0.512284	-0.0125411	
0.272114	0.220873	-1.71152	0.721488	-0.0900479	-0.507748	-0.0126843	
0.242951	0.186429	-1.74198	0.709595	-0.0932863	-0.502554	-0.0128212	
0.21856	0.153605	-1.7661	0.70012	-0.0954558	-0.496847	-0.0129488	
0.197893	0.121976	-1.78537	0.692389	-0.0967625	-0.490682	-0.0130684	
0.180093	0.0911278	-1.80103	0.686112	-0.0973975	-0.484103	-0.0131783	
0.164541	0.0602884	-1.81397	0.680748	-0.0974957	-0.477219	-0.0132769	
0.156715	-0.255414	-1.81962	0.61587	-0.101641	-0.464704	-0.0135269	
0.136416	0.0803	-1.8357	0.689464	-0.095289	-0.464047	-0.0134506	
0.12552	0.024255	-1.84339	0.680151	-0.094774	-0.456062	-0.0134603	
0.115056	-0.0164884	-1.85041	0.674559	-0.0938105	-0.448098	-0.0135303	
0.105088	-0.0541428	-1.85673	0.669976	-0.0926471	-0.440069	-0.0135846	
0.0955894	-0.0902115	-1.86247	0.665951	-0.0913027	-0.431978	-0.0136261	
0.0863563	-0.122849	-1.86778	0.662886	-0.0898096	-0.423867	-0.0136523	
0.0775392	-0.156894	-1.87264	0.659396	-0.0881901	-0.415674	-0.013678	
0.0688644	-0.188231	-1.87724	0.656715	-0.0864873	-0.407505	-0.0136879	
0.0603542	-0.218703	-1.88158	0.654313	-0.0847137	-0.3993	-0.013688	
0.0519943	-0.248541	-1.88571	0.65219	-0.0828841	-0.39108	-0.0136787	
0.0437778	-0.277344	-1.88962	0.650237	-0.0809842	-0.382838	-0.0136657	
0.0357045	-0.307678	-1.89332	0.648114	-0.0790782	-0.374597	-0.0136321	
0.0277011	-0.33574	-1.89689	0.646504	-0.0771034	-0.366371	-0.0135971	
0.0198298	-0.364354	-1.90029	0.644812	-0.0751079	-0.35814	-0.0135528	
0.0120384	-0.393081	-1.90354	0.643219	-0.0730875	-0.349886	-0.0134993	
0.00433911	-0.421022	-1.90667	0.641813	-0.0710295	-0.341667	-0.0134375	
-0.00328097	-0.449179	-1.90964	0.640491	-0.0689631	-0.333445	-0.0133669	
-0.0107698	-0.477362	-1.91245	0.639143	-0.0668544	-0.325235	-0.0132888	
-0.0182015	-0.505416	-1.91517	0.63796	-0.0647339	-0.317016	-0.0132013	
-0.0255311	-0.533542	-1.91774	0.636806	-0.0625942	-0.308825	-0.0131063	
-0.0329743	-0.554693	-1.92033	0.637374	-0.0603423	-0.300781	-0.0129546	
-0.0399124	-0.589303	-1.92245	0.634846	-0.0582186	-0.292459	-0.0129005	
-0.0469974	-0.618235	-1.92462	0.633752	-0.0560626	-0.284272	-0.0127818	
-0.0539857	-0.645727	-1.92668	0.633069	-0.0538341	-0.276125	-0.0126511	
-0.0608935	-0.673041	-1.92861	0.632584	-0.0515908	-0.267998	-0.0125134	
-0.0676952	-0.700654	-1.9304	0.63205	-0.0493206	-0.259865	-0.0123682	
-0.0726145	-0.795505	-1.93047	0.616033	-0.0479974	-0.250525	-0.0121376	
-0.081461	-0.738492	-1.93402	0.635295	-0.0445022	-0.243961	-0.0120759	
-0.0885362	-0.748337	-1.93594	0.639586	-0.0420256	-0.236167	-0.0119795	
-0.094054	-0.805629	-1.93646	0.632054	-0.0400248	-0.227554	-0.0117006	
-0.100363	-0.834009	-1.9376	0.631918	-0.0376931	-0.219464	-0.0115205	
-0.106573	-0.862073	-1.93861	0.631944	-0.0353358	-0.211379	-0.0113327	
-0.112668	-0.889853	-1.93946	0.632073	-0.0329541	-0.203324	-0.0111376	
-0.114358	-1.08478	-1.93512	0.594005	-0.0335288	-0.19164	-0.0108948	
-0.125675	-0.902353	-1.93882	0.640131	-0.028484	-0.187455	-0.0107579	
-0.131192	-0.939436	-1.93635	0.636328	-0.0271758	-0.178667	-0.0105609	
-0.136695	-0.973471	-1.93331	0.632795	-0.0260656	-0.169824	-0.0103834	
-0.142119	-1.00811	-1.92982	0.628865	-0.0251886	-0.160935	-0.0102142	
-0.147444	-1.03734	-1.92594	0.625982	-0.0242893	-0.15209	-0.0100726	
-0.152717	-1.06756	-1.92188	0.622765	-0.023579	-0.143169	-0.00993446	
-0.157891	-1.09696	-1.91761	0.619699	-0.0229444	-0.134284	-0.00980714	
-0.162978	-1.12561	-1.91321	0.616772	-0.0223751	-0.125367	-0.00969733	
-0.167957	-1.15349	-1.9087	0.614008	-0.0218364	-0.116441	-0.0095767	
-0.172832	-1.18123	-1.90409	0.611318	-0.0213404	-0.107507	-0.00947956	
-0.177524	-1.21095	-1.89935	0.608218	-0.0208983	-0.0985138	-0.00937601	
-0.182264	-1.23475	-1.89468	0.606569	-0.0204104	-0.089644	-0.0092956	
-0.187454	-1.23694	-1.89045	0.610275	-0.0195608	-0.0811384	-0.00909589	
-0.191054	-1.29406	-1.88485	0.60067	-0.0196411	-0.0716055	-0.00915473	
-0.19539	-1.31851	-1.87996	0.599085	-0.0191806	-0.0626426	-0.00906628	
-0.199644	-1.34265	-1.87501	0.597695	-0.0187338	-0.0536927	-0.00898043	
-0.20372	-1.36805	-1.87001	0.596099	-0.0183136	-0.0446918	-0.00890604	
-0.207686	-1.39257	-1.86483	0.594737	-0.0178485	-0.0356913	-0.00883281	
-0.211531	-1.41713	-1.85967	0.593561	-0.0174021	-0.0266817	-0.00875974	
-0.215252	-1.44142	-1.85446	0.592472	-0.0169567	-0.0176536	-0.00868976	
-0.218836	-1.46567	-1.8492	0.591489	-0.0165189	-0.00861668	-0.00862118	
-0.222308	-1.48986	-1.84391	0.590662	-0.0160811	0.000443185	-0.00855389	
-0.22575	-1.51052	-1.83868	0.590773	-0.0156089	0.0094518	-0.0084967	
-0.228832	-1.5382	-1.83318	0.589184	-0.015214	0.0186234	-0.00842051	
-0.23193	-1.56153	-1.82777	0.588822	-0.0147741	0.0277137	-0.00835706	
-0.234892	-1.58463	-1.8223	0.588613	-0.0143285	0.0368171	-0.00829468	
-0.23773	-1.6077	-1.81679	0.588513	-0.0138838	0.0459408	-0.00823292	
-0.240439	-1.63054	-1.81124	0.588574	-0.0134353	0.0550718	-0.00817174	
-0.243026	-1.65285	-1.80563	0.588811	-0.0129789	0.0642216	-0.00811264	
-0.245477	-1.67531	-1.79997	0.589176	-0.0125227	0.0733706	-0.00805347	
-0.247943	-1.69375	-1.79437	0.590562	-0.0120317	0.082482	-0.00800646	
-0.249935	-1.72008	-1.78842	0.590078	-0.0115803	0.0917528	-0.00792683	
-0.252039	-1.7413	-1.78263	0.59097	-0.0111271	0.100929	-0.00788705	
-0.253984	-1.76242	-1.77675	0.591962	-0.0106467	0.110121	-0.00783413	
-0.255795	-1.78365	-1.77082	0.593061	-0.0101652	0.119346	-0.00778182	
-0.257476	-1.80445	-1.76482	0.594301	-0.00967578	0.12857	-0.00773119	
-0.259027	-1.82493	-1.75876	0.595732	-0.00917719	0.137788	-0.00768251	
-0.260439	-1.84511	-1.75266	0.597253	-0.00867395	0.14702	-0.00763585	
-0.261736	-1.86501	-1.74651	0.598952	-0.00816314	0.156258	-0.00759033	
-0.262969	-1.88384	-1.74034	0.601026	-0.00766792	0.165507	-0.00755414	
-0.26391	-1.90454	-1.73399	0.602696	-0.00712479	0.174787	-0.00750394	
-0.264822	-1.92346	-1.72764	0.604853	-0.00659481	0.184046	-0.00746492	
-0.265608	-1.94254	-1.72123	0.60708	-0.00606364	0.193319	-0.00742824	
-0.26626	-1.96082	-1.71478	0.609532	-0.00551391	0.202598	-0.00739342	
-0.266774	-1.97966	-1.7082	0.611958	-0.00496421	0.211886	-0.00736112	
-0.267181	-1.99692	-1.70161	0.614776	-0.0043894	0.221155	-0.00733123	
-0.267458	-2.01465	-1.69496	0.61762	-0.00382112	0.230434	-0.00730285	
-0.26759	-2.03245	-1.68821	0.620459	-0.00324883	0.239735	-0.00727745	
-0.267593	-2.05002	-1.6814	0.623418	-0.00266842	0.249024	-0.00725452	
-0.267493	-2.06691	-1.67456	0.626654	-0.00207689	0.258313	-0.00723337	
-0.26727	-2.08313	-1.66767	0.6301	-0.00147005	0.267597	-0.00721443	
-0.266916	-2.09958	-1.66062	0.6335	-0.000852038	0.276873	-0.00720057	
-0.26643	-2.11523	-1.65352	0.637139	-0.000210253	0.286165	-0.00718615	
-0.266035	-2.124	-1.64657	0.642647	0.000551764	0.295321	-0.00711018	
-0.265037	-2.14851	-1.6391	0.644091	0.00102579	0.304765	-0.00719102	
-0.264213	-2.16306	-1.63182	0.648181	0.00168658	0.314011	-0.00718028	
-0.263504	-2.1714	-1.62475	0.653714	0.00241453	0.323049	-0.00711097	
-0.262105	-2.19391	-1.61703	0.656043	0.0029946	0.332606	-0.0071936	
-0.260923	-2.20785	-1.60958	0.660467	0.00367326	0.341839	-0.00719116	
-0.259631	-2.2211	-1.60207	0.664992	0.0043614	0.351062	-0.00719461	
-0.258207	-2.23458	-1.59448	0.669503	0.00504415	0.360285	-0.00720299	
-0.256458	-2.25341	-1.58663	0.672644	0.00568177	0.369593	-0.00721119	
-0.255024	-2.25964	-1.57911	0.679162	0.00647348	0.378683	-0.00723209	
-0.253409	-2.26832	-1.57147	0.68508	0.00722972	0.3878	-0.00723663	
-0.251298	-2.28685	-1.56342	0.688359	0.00786734	0.397085	-0.00727832	
-0.249307	-2.29904	-1.55549	0.693353	0.00859455	0.406248	-0.00730435	
-0.2472	-2.3111	-1.54751	0.698415	0.00932434	0.415402	-0.0073341	
-0.244913	-2.32455	-1.53938	0.703115	0.0100462	0.424558	-0.00736437	
-0.242629	-2.33488	-1.53127	0.708639	0.0108069	0.433647	-0.00739876	
-0.240365	-2.34117	-1.52323	0.715273	0.0116203	0.442654	-0.00744004	
-0.237653	-2.35689	-1.51482	0.719405	0.0123227	0.451792	-0.00749263	
-0.235032	-2.36774	-1.5065	0.724835	0.0130741	0.460869	-0.0075511	
-0.232338	-2.37553	-1.49818	0.731142	0.0139042	0.469843	-0.00761341	
-0.229442	-2.38905	-1.48965	0.735872	0.0146198	0.478898	-0.00763755	
-0.226499	-2.3988	-1.4812	0.741574	0.0154044	0.487891	-0.00647951	
-0.223452	-2.40967	-1.47279	0.747272	0.0160198	0.496931	-0.00452581	
-0.220319	-2.42131	-1.46438	0.75299	0.016567	0.506019	-0.00204455	
-0.217066	-2.4342	-1.45588	0.758576	0.0170996	0.515129	0.000784983	
-0.213764	-2.44659	-1.4474	0.764573	0.0176739	0.52422	0.00384466	
-0.210363	-2.45909	-1.4386	0.771222	0.018235	0.53337	0.00703733	
-0.206824	-2.4733	-1.42954	0.777833	0.0188455	0.542581	0.0103068	
-0.203439	-2.48855	-1.42037	0.784738	0.0193565	0.552067	0.013461	
-0.199468	-2.50042	-1.41094	0.792347	0.0204603	0.560867	0.0170117	
-0.195713	-2.51438	-1.40146	0.799849	0.0213823	0.570004	0.0203536	
-0.19187	-2.52804	-1.39189	0.807447	0.0223947	0.579125	0.0236979	
-0.187932	-2.54208	-1.38225	0.815075	0.0234703	0.588175	0.0270412	
-0.183895	-2.55575	-1.37255	0.82278	0.0246092	0.597165	0.0303739	
-0.179815	-2.56925	-1.36284	0.830628	0.0257832	0.606118	0.0336943	
-0.175628	-2.5829	-1.35308	0.838415	0.0269837	0.614994	0.0369985	
-0.17139	-2.59615	-1.34333	0.846351	0.0282026	0.623822	0.0402868	
-0.167049	-2.60947	-1.33356	0.854205	0.0294304	0.632581	0.0435555	
-0.162647	-2.6225	-1.32378	0.862131	0.0306649	0.641298	0.0468056	
-0.158188	-2.63531	-1.31402	0.87016	0.0318978	0.649938	0.050036	
-0.15366	-2.64818	-1.30428	0.878182	0.0331223	0.658535	0.0532471	
-0.149048	-2.6607	-1.29452	0.886188	0.0343447	0.667058	0.0564362	
-0.144383	-2.67306	-1.28478	0.894274	0.0355543	0.675531	0.0596068	
-0.139639	-2.68534	-1.27503	0.902283	0.0367548	0.683929	0.0627557	
-0.134859	-2.69764	-1.26534	0.910378	0.0379376	0.692289	0.0658866	
-0.129993	-2.70973	-1.25565	0.918472	0.0391102	0.700569	0.0689967	
-0.125077	-2.72169	-1.24598	0.926557	0.0402677	0.708798	0.0720869	
-0.120118	-2.73338	-1.23635	0.93475	0.041409	0.71695	0.0751579	
-0.115092	-2.74477	-1.22673	0.942854	0.0425362	0.725049	0.0782078	
-0.110009	-2.75624	-1.21713	0.950998	0.043651	0.733081	0.0812383	
-0.104894	-2.76742	-1.2076	0.959246	0.0447472	0.741054	0.0842507	
-0.0997215	-2.77806	-1.19808	0.967501	0.0458355	0.748944	0.0872466	
-0.0944785	-2.78987	-1.18858	0.975508	0.0468861	0.756808	0.0902145	
-0.0892084	-2.80048	-1.17916	0.983785	0.0479361	0.764573	0.0931691	
-0.0838896	-2.81099	-1.16974	0.991977	0.0489732	0.772268	0.0961035	
-0.0785112	-2.82221	-1.1604	1.00009	0.0499806	0.779913	0.0990218	
-0.0730916	-2.8328	-1.15108	1.00823	0.0509782	0.787483	0.10192	
-0.0676529	-2.84308	-1.14183	1.01648	0.0519629	0.794996	0.1048	
-0.0621581	-2.85333	-1.13261	1.02468	0.0529335	0.802429	0.107661	
-0.0566383	-2.86328	-1.12345	1.03287	0.053883	0.80979	0.110503	
-0.0509231	-2.87533	-1.11427	1.04045	0.054831	0.817041	0.11334	
-0.0454175	-2.88554	-1.10521	1.0488	0.0556806	0.824372	0.116119	
-0.0398193	-2.89367	-1.0963	1.05728	0.0566152	0.831501	0.118881	
-0.0341726	-2.90235	-1.08741	1.06576	0.0575534	0.838565	0.121712	
-0.0284508	-2.912	-1.07853	1.07386	0.0584257	0.845579	0.124464	
-0.0227144	-2.92185	-1.06973	1.08198	0.0592816	0.852547	0.1272	
-0.0169344	-2.93159	-1.06102	1.09008	0.060123	0.85941	0.129922	
-0.011123	-2.9412	-1.05233	1.09811	0.0609558	0.866222	0.132626	
-0.00554325	-2.94384	-1.04393	1.10812	0.061865	0.872865	0.135304	
0.000639446	-2.96198	-1.03514	1.11372	0.0625526	0.879658	0.137988	
0.00644213	-2.97031	-1.02667	1.12201	0.0633409	0.886326	0.140602	
0.0118115	-2.97826	-1.01782	1.13106	0.0646056	1.68159	0.141976	
-0.929877	-2.96064	-1.00817	1.15859	0.0605751	2.21495	0.141295	
-1.73029	-2.92038	-0.976264	1.22629	0.0469818	2.57203	0.139755	
-2.40297	-2.86862	-0.929538	1.31464	0.0282417	2.81031	0.137584	
-2.95985	-2.81192	-0.87404	1.41072	0.00748233	2.96805	0.134931	
-3.39445	-2.75725	-0.361148	1.50631	-0.00557775	3.08449	0.132107	
-3.79523	-2.6754	-0.0421841	1.633	-0.0346882	3.12803	0.128509	
-4.09735	-2.5831	0.173041	1.75659	-0.0508343	3.1639	0.125034	
-4.33494	-2.49463	0.313949	1.86835	-0.0653095	3.18366	0.121398	
-4.51787	-2.41787	0.406265	1.96148	-0.0782941	3.18846	0.117699	
-4.65679	-2.34372	0.465798	2.03856	-0.0899321	3.18278	0.113933	
-4.7588	-2.28563	0.504309	2.09775	-0.0997911	3.1766	0.110113	
-4.83251	-2.23511	0.528333	2.14279	-0.108541	3.16547	0.106224	
-4.88348	-2.19208	0.5428	2.17572	-0.116096	3.152	0.102319	
-4.91653	-2.15323	0.550868	2.19863	-0.122661	3.1331	0.0984037	
-4.93554	-2.1224	0.554777	2.21387	-0.128229	3.11933	0.0944424	
-4.94359	-2.09283	0.555848	2.22289	-0.133063	3.10045	0.0905056	
-4.94201	-2.07118	0.556403	2.22584	-0.136828	3.08149	0.0865842	
-4.93617	-2.04208	0.552884	2.22773	-0.140903	3.06325	0.0826398	
-4.9238	-2.02094	0.550265	2.22524	-0.144009	3.04552	0.078725	
-4.90733	-1.99919	0.547264	2.22048	-0.146714	3.02417	0.0748341	
-4.88786	-1.98176	0.543826	2.21366	-0.149181	3.00585	0.0709723	
-4.86618	-1.95928	0.540079	2.20665	-0.151403	2.98391	0.06709	
-4.84247	-1.94305	0.536344	2.19809	-0.153301	2.96816	0.063263	
-4.81745	-1.92444	0.532461	2.18863	-0.155191	2.94677	0.0594376	
-4.79144	-1.9067	0.528445	2.17906	-0.156905	2.92853	0.0556353	
-4.76458	-1.88929	0.524407	2.16892	-0.158544	2.90919	0.0518599	
-4.73714	-1.87202	0.520306	2.15848	-0.16012	2.88995	0.0481058	
-4.7093	-1.85577	0.51609	2.14785	-0.161669	2.87193	0.044366	
-4.68111	-1.8372	0.511936	2.1372	-0.163164	2.85084	0.0406621	
-4.65264	-1.82099	0.507646	2.12625	-0.164627	2.83272	0.0369708	
-4.62409	-1.80387	0.503291	2.11537	-0.166105	2.81333	0.0333163	
-4.59547	-1.78727	0.49885	2.1045	-0.167587	2.79464	0.0296685	
-4.56671	-1.77101	0.494392	2.09348	-0.169025	2.77644	0.0260489	
-4.538	-1.75425	0.489776	2.08235	-0.170552	2.75668	0.0224516	
-4.50937	-1.73801	0.485052	2.07163	-0.172044	2.73958	0.0188771	
-4.48059	-1.72183	0.480452	2.06058	-0.173541	2.72019	0.0153222	
-4.45199	-1.70522	0.475644	2.04977	-0.175072	2.70181	0.0117947	
-4.42335	-1.68982	0.470755	2.0387	-0.176607	2.68434	0.00828951	
-4.39496	-1.67237	0.465762	2.02809	-0.17823	2.66408	0.00480492	
-4.36655	-1.65634	0.460717	2.01731	-0.179831	2.64607	0.00134097	
-4.33812	-1.64088	0.455625	2.00633	-0.181453	2.62753	-0.00210129	
-4.31001	-1.62386	0.450365	1.99602	-0.183121	2.60948	-0.00552619	
-4.2818	-1.60745	0.445026	1.98534	-0.184786	2.59102	-0.00892374	
-4.2537	-1.59273	0.439685	1.97456	-0.186482	2.57369	-0.0123061	
-4.22569	-1.57761	0.43425	1.96399	-0.188199	2.5567	-0.0156658	
-4.1978	-1.56155	0.428727	1.95338	-0.189966	2.53778	-0.0190017	
-4.16999	-1.54697	0.423117	1.94275	-0.191746	2.52104	-0.0223222	
-4.14234	-1.53009	0.417384	1.93253	-0.193556	2.50221	-0.0256203	
-4.11477	-1.51456	0.411637	1.92233	-0.195408	2.48533	-0.0288952	
-4.08718	-1.49966	0.405822	1.91169	-0.197226	2.46757	-0.0321543	
-4.05978	-1.48452	0.400142	1.90149	-0.199062	2.45066	-0.0341547	
-4.03252	-1.47069	0.395218	1.89121	-0.200437	2.43234	-0.0353214	
-4.0052	-1.45918	0.390955	1.8811	-0.201262	2.41551	-0.0359186	
-3.97811	-1.44838	0.387183	1.87113	-0.201691	2.39698	-0.0361345	
-3.95109	-1.4385	0.383859	1.86157	-0.201614	2.37967	-0.0360884	
-3.92416	-1.43097	0.380672	1.85263	-0.201126	2.36207	-0.0358639	
-3.89745	-1.42193	0.377614	1.84494	-0.200139	2.3443	-0.0355296	
-3.87063	-1.41791	0.37492	1.83686	-0.198806	2.32858	-0.0351155	
-3.86372	-1.18203	0.358861	1.8907	-0.195392	2.30739	-0.0346146	
-3.81282	-1.4615	0.373248	1.80739	-0.195663	2.29293	-0.0341645	
-3.78724	-1.44518	0.370799	1.80372	-0.193189	2.27617	-0.0336375	
-3.76166	-1.43075	0.368301	1.79916	-0.190686	2.25824	-0.0331024	
-3.73613	-1.41803	0.365986	1.79452	-0.188104	2.24089	-0.032559	
-3.71044	-1.40798	0.363931	1.78896	-0.185454	2.22214	-0.0320115	
-3.68481	-1.39933	0.361959	1.78357	-0.182706	2.20565	-0.0314617	
-3.65917	-1.39183	0.360094	1.7779	-0.179928	2.18885	-0.030912	
-3.63353	-1.38532	0.358359	1.77189	-0.177113	2.17161	-0.0303648	
-3.60791	-1.37926	0.356709	1.76578	-0.174237	2.15421	-0.0298179	
-3.58233	-1.37477	0.355124	1.75951	-0.171361	2.13818	-0.0292737	
-3.55687	-1.36993	0.353584	1.75335	-0.168471	2.12155	-0.0287341	
-3.53139	-1.36535	0.352112	1.7468	-0.165583	2.10328	-0.0281972	
-3.50606	-1.36131	0.350641	1.74051	-0.162671	2.08693	-0.027663	
-3.48076	-1.35821	0.349256	1.73406	-0.159746	2.07116	-0.0271337	
-3.45558	-1.35435	0.34786	1.72772	-0.156848	2.05392	-0.0266061	
-3.4305	-1.3514	0.346502	1.72142	-0.153921	2.03888	-0.0260834	
-3.40544	-1.34817	0.345206	1.71484	-0.151023	2.02144	-0.0255643	
-3.38074	-1.34371	0.343834	1.70911	-0.148107	2.00589	-0.0250478	
-3.35559	-1.34238	0.342652	1.70191	-0.145196	1.98905	-0.0245361	
-3.33083	-1.3394	0.34141	1.69554	-0.142291	1.97289	-0.0240268	
-3.30619	-1.33667	0.340178	1.68934	-0.13937	1.95717	-0.0235212	
-3.28162	-1.33394	0.338964	1.68305	-0.13647	1.94138	-0.0230193	
-3.25717	-1.3304	0.337753	1.67697	-0.133555	1.92573	-0.0225217	
-3.23271	-1.32913	0.336641	1.67021	-0.130714	1.90972	-0.0220279	
-3.20842	-1.32548	0.335454	1.66417	-0.127787	1.89337	-0.021535	
-3.18417	-1.32436	0.3344	1.65755	-0.124972	1.87783	-0.0210498	
-3.16004	-1.3223	0.333279	1.65135	-0.122097	1.86221	-0.0205634	
-3.13607	-1.31932	0.332142	1.64532	-0.119216	1.84708	-0.0200849	
-3.11203	-1.31799	0.331162	1.6389	-0.116352	1.83161	-0.0196085	
-3.08821	-1.31502	0.330059	1.63309	-0.113447	1.81698	-0.0191345	
-3.06382	-1.31522	0.329307	1.62581	-0.110498	1.80049	-0.0186654	
-3.04094	-1.31101	0.327989	1.62091	-0.107808	1.78692	-0.0182013	
-3.01712	-1.31044	0.327128	1.61413	-0.104948	1.77059	-0.017738	
-2.99391	-1.30424	0.325947	1.60942	-0.102066	1.75561	-0.0172772	
-2.97031	-1.30418	0.325074	1.60274	-0.0991816	1.74104	-0.0168191	
-2.94693	-1.30268	0.324201	1.5965	-0.0963621	1.72592	-0.0163674	
-2.92374	-1.30351	0.323295	1.5901	-0.0937004	1.71138	-0.0159183	
-2.90039	-1.30292	0.322464	1.58361	-0.0908282	1.69687	-0.0154707	
-2.87746	-1.2997	0.321507	1.57812	-0.0880053	1.68222	-0.015027	
-2.85453	-1.29761	0.320599	1.57238	-0.0852054	1.66768	-0.014586	
-2.83162	-1.29614	0.319753	1.56644	-0.0823811	1.65304	-0.014147	
-2.80881	-1.29446	0.318922	1.5605	-0.0795841	1.63818	-0.0137121	
-2.78632	-1.29376	0.31801	1.55452	-0.0769096	1.62405	-0.0132818	
-2.76335	-1.29041	0.317327	1.54898	-0.0739172	1.60926	-0.0128509	
-2.7409	-1.29066	0.316508	1.5428	-0.0712323	1.59537	-0.0124269	
-2.7185	-1.28917	0.315712	1.5372	-0.0684535	1.58149	-0.0120052	
-2.69616	-1.28737	0.314887	1.53159	-0.0656537	1.5678	-0.0115858	
-2.67374	-1.29021	0.314355	1.52474	-0.0630445	1.55346	-0.0111722	
-2.65173	-1.28458	0.313369	1.52018	-0.0601471	1.53959	-0.0107563	
-2.62964	-1.28307	0.312673	1.51456	-0.0573842	1.52524	-0.0103453	
-2.60758	-1.28373	0.312002	1.50844	-0.0547046	1.51158	-0.00993842	
-2.58567	-1.28275	0.311217	1.50284	-0.0519902	1.49827	-0.00953424	
-2.56402	-1.27931	0.310339	1.49812	-0.0492315	1.48471	-0.00913114	
-2.54204	-1.2817	0.309738	1.49142	-0.0465861	1.47127	-0.00873345	
-2.52037	-1.2807	0.309046	1.48575	-0.0438929	1.45671	-0.00833797	
-2.49884	-1.27991	0.308346	1.48042	-0.0411822	1.44419	-0.00794482	
-2.47737	-1.27906	0.307687	1.47489	-0.0384968	1.43045	-0.0075552	
-2.456	-1.27998	0.307094	1.46901	-0.0358967	1.41721	-0.00716881	
-2.43469	-1.27621	0.306316	1.46437	-0.0330699	1.40394	-0.00678189	
-2.41341	-1.27684	0.305813	1.45847	-0.030429	1.3907	-0.00640155	
-2.39236	-1.27444	0.305068	1.45355	-0.027704	1.37798	-0.00602201	
-2.37122	-1.2764	0.304664	1.44763	-0.0251073	1.36492	-0.00564617	
-2.35025	-1.27545	0.304064	1.4423	-0.0224356	1.35174	-0.0052723	
-2.32935	-1.27531	0.303518	1.43693	-0.0197909	1.3391	-0.0049004	
-2.30871	-1.27108	0.302791	1.43262	-0.0169687	1.32604	-0.00452771	
-2.28783	-1.27544	0.302466	1.42608	-0.014552	1.3133	-0.00416551	
-2.26718	-1.27387	0.301902	1.42108	-0.0118444	1.3004	-0.00379999	
-2.24667	-1.27484	0.301419	1.41562	-0.00928952	1.2879	-0.00343946	
-2.2262	-1.27405	0.30091	1.41034	-0.00666095	1.27443	-0.0030806	
-2.206	-1.27198	0.30034	1.40591	-0.00400597	1.26252	-0.00272449	
-2.18567	-1.27266	0.299879	1.40061	-0.00140926	1.25087	-0.00237159	
-2.16539	-1.27332	0.299449	1.39515	0.00116886	1.23796	-0.00202128	
-2.14513	-1.27442	0.299067	1.38964	0.00376774	1.22598	-0.00167266	
-2.12513	-1.27412	0.298592	1.38452	0.00633471	1.21269	-0.00132669	
-2.10522	-1.27403	0.298121	1.37965	0.00890894	1.20116	-0.000982968	
-2.08537	-1.27398	0.297683	1.37473	0.0114852	1.1894	-0.000642781	
-2.06521	-1.27753	0.297572	1.36891	0.0140242	1.17705	-0.000303912	
-2.04595	-1.2732	0.296753	1.36486	0.0166072	1.1647	3.29671e-05	
-2.02632	-1.27353	0.296365	1.35988	0.0191526	1.15291	0.000367543	
-2.00656	-1.27656	0.296157	1.35424	0.02169	1.14117	0.000699621	
-1.98721	-1.27514	0.295665	1.34977	0.0242336	1.12931	0.00102926	
-1.96787	-1.27513	0.29526	1.34498	0.0267595	1.11736	0.00135601	
-1.94863	-1.27607	0.294871	1.34002	0.0292245	1.1058	0.00168081	
-1.92953	-1.27419	0.29441	1.33581	0.0317609	1.09413	0.00200266	
-1.91034	-1.27554	0.294117	1.3307	0.0342404	1.08199	0.00232308	
-1.89154	-1.27479	0.293657	1.32637	0.0367125	1.07107	0.00264059	
-1.87231	-1.2765	0.293404	1.32126	0.039239	1.05964	0.00295748	
-1.85335	-1.27781	0.293145	1.31625	0.0417065	1.04789	0.00327043	
-1.83465	-1.27787	0.292784	1.3117	0.0441703	1.03645	0.00358226	
-1.81589	-1.27844	0.292456	1.30708	0.0466474	1.02537	0.00389081	
-1.79725	-1.27915	0.292158	1.30239	0.0491011	1.01391	0.00419743	
-1.77873	-1.27997	0.291842	1.29781	0.051537	1.00287	0.00450373	
-1.76025	-1.28064	0.291561	1.29324	0.0539801	0.991868	0.0048038	
-1.74183	-1.28158	0.291282	1.28854	0.0564047	0.980605	0.00510421	
-1.72352	-1.28242	0.291014	1.28397	0.0588257	0.969597	0.00540193	
-1.7054	-1.28278	0.290731	1.27972	0.0612297	0.958718	0.0056984	
-1.68709	-1.28406	0.29047	1.27494	0.0636662	0.947716	0.00599292	
-1.66916	-1.28489	0.290206	1.27063	0.0660188	0.936999	0.00628245	
-1.65112	-1.28587	0.289958	1.26621	0.0684167	0.925904	0.0065759	
-1.63322	-1.28684	0.28972	1.26179	0.070806	0.915181	0.00686447	
-1.61541	-1.28783	0.289484	1.25749	0.0731728	0.904672	0.00714916	
-1.59769	-1.28887	0.289245	1.25316	0.0755349	0.893998	0.00743317	
-1.58002	-1.28966	0.28905	1.24886	0.0779059	0.883448	0.00771482	
-1.56231	-1.29136	0.288832	1.24433	0.080266	0.872913	0.00799508	
-1.54495	-1.29197	0.288594	1.2403	0.0825721	0.86239	0.00827251	
-1.5275	-1.29315	0.288396	1.23608	0.0849139	0.852083	0.00854865	
-1.51014	-1.29554	0.288221	1.23153	0.0871571	0.841397	0.00882216	
-1.49292	-1.29523	0.28799	1.22774	0.0895466	0.831201	0.0090956	
-1.47565	-1.29663	0.287822	1.22351	0.0918783	0.820781	0.00936646	
-1.45854	-1.29787	0.287628	1.21944	0.0941965	0.810834	0.00963601	
-1.4415	-1.29932	0.287446	1.21529	0.0964529	0.80042	0.00990255	
-1.42459	-1.30072	0.287279	1.21112	0.0986893	0.790275	0.0101655	
-1.4076	-1.30191	0.287138	1.20718	0.101045	0.780431	0.0104298	
-1.39083	-1.3032	0.28696	1.20321	0.103314	0.770356	0.0106897	
-1.37414	-1.3047	0.286873	1.19918	0.105552	0.760241	0.01095	
-1.3559	-1.30818	0.287354	1.19399	0.108336	0.749942	0.0112114	
-1.34132	-1.30694	0.286713	1.19171	0.110061	0.740284	0.0114622	
-1.32459	-1.3091	0.286869	1.18728	0.112401	0.728753	0.0117153	
-1.30826	-1.31034	0.286968	1.18371	0.114745	0.719703	0.0119655	
-1.29182	-1.31196	0.28714	1.1797	0.117093	0.709204	0.0122132	
-1.27554	-1.31295	0.287291	1.17598	0.119462	0.6991	0.0124601	
-1.25926	-1.3153	0.287561	1.17193	0.121766	0.688845	0.0127027	
-1.24518	-1.31528	0.287338	1.1695	0.123474	0.678937	0.0129408	
-1.22656	-1.31874	0.28814	1.16405	0.126586	0.668713	0.0131881	
-1.21076	-1.32011	0.288338	1.16049	0.12885	0.658653	0.0134204	
-1.19478	-1.32222	0.288642	1.15658	0.131144	0.648513	0.0136552	
-1.17913	-1.32364	0.288883	1.15307	0.133392	0.638812	0.0138865	
-1.16342	-1.32549	0.289178	1.14933	0.135645	0.628668	0.0141183	
-1.1478	-1.32696	0.289438	1.14581	0.137909	0.618786	0.0143468	
-1.13221	-1.32878	0.289737	1.14218	0.140162	0.609111	0.0145751	
-1.11674	-1.33036	0.290016	1.1387	0.142405	0.599314	0.0147992	
-1.10125	-1.33236	0.290362	1.13499	0.144631	0.589523	0.0150205	
-1.086	-1.33364	0.290598	1.13164	0.146833	0.579852	0.0152402	
-1.07145	-1.33375	0.290684	1.1289	0.148878	0.570191	0.0154609	
-1.05521	-1.33768	0.291282	1.12446	0.151305	0.560384	0.0156772	
-1.04013	-1.33959	0.291582	1.12105	0.153463	0.550972	0.0158922	
-1.025	-1.34205	0.291938	1.11746	0.155628	0.54159	0.0161073	
-1.01007	-1.342	0.292139	1.11452	0.157856	0.531747	0.0163174	
-0.995293	-1.34507	0.292454	1.11104	0.159895	0.522518	0.0165281	
-0.980255	-1.34692	0.292802	1.1076	0.162089	0.513111	0.0167371	
-0.965437	-1.34893	0.293103	1.10428	0.164224	0.503727	0.016946	
-0.950694	-1.35095	0.293414	1.10096	0.166337	0.494302	0.0171455	
-0.93616	-1.35239	0.293675	1.09796	0.168438	0.48561	0.0173478	
-0.921506	-1.35463	0.294007	1.09454	0.170527	0.475796	0.0175523	
-0.906963	-1.35687	0.294296	1.09126	0.172604	0.466536	0.017745	
-0.89256	-1.35848	0.294592	1.08828	0.174686	0.457693	0.0179444	
-0.878115	-1.36093	0.294916	1.08496	0.176739	0.448366	0.0181467	
-0.863864	-1.36268	0.295182	1.08198	0.178785	0.439463	0.0183346	
-0.84964	-1.36434	0.295458	1.07903	0.180833	0.430531	0.0185244	
-0.835745	-1.36767	0.295792	1.07579	0.182694	0.421462	0.0187136	
-0.821249	-1.36865	0.296081	1.07284	0.184896	0.412567	0.0189036	
-0.8072	-1.37112	0.2964	1.06972	0.186885	0.403588	0.0190955	
-0.793232	-1.37391	0.296727	1.06663	0.188831	0.394802	0.0192641	
-0.779374	-1.3749	0.296951	1.06397	0.190862	0.385996	0.0194607	
-0.76549	-1.37733	0.297298	1.06092	0.192822	0.377199	0.0196348	
-0.751646	-1.3803	0.297595	1.05781	0.19476	0.368246	0.0198183	
-0.738085	-1.38197	0.297856	1.05516	0.196685	0.359836	0.0200014	
-0.724441	-1.38385	0.298123	1.05239	0.198642	0.351108	0.0201857	
-0.710816	-1.38663	0.29847	1.04937	0.200536	0.342316	0.0203504	
-0.697364	-1.38824	0.298706	1.04681	0.202466	0.33391	0.0205235	
-0.683933	-1.39076	0.29902	1.04399	0.204342	0.325371	0.0206853	
-0.670525	-1.39291	0.299308	1.04126	0.206248	0.316913	0.0208707	
-0.657159	-1.3953	0.299605	1.03853	0.208125	0.308468	0.0210295	
-0.643899	-1.39804	0.299944	1.03569	0.209965	0.300013	0.0211914	
-0.631229	-1.40098	0.300105	1.03318	0.117491	0.29197	0.0213601	
-0.614694	-1.39725	0.298646	1.03356	0.0471419	0.284061	0.0213073	
-0.596007	-1.38985	0.296405	1.03506	-0.00631921	0.276355	0.0211651	
-0.561732	-1.36994	0.294197	1.03268	-0.0415049	0.268656	0.0210892	
-0.562907	-1.37234	0.290998	1.0408	-0.0798285	0.261868	0.0208373	
-0.539524	-1.36342	0.289316	1.04015	-0.101822	0.254913	0.0206509	
-0.526562	-1.35365	0.286358	1.0437	-0.121275	0.24826	0.0205723	
-0.491333	-1.36022	0.287273	1.03272	-0.129662	0.241353	0.0206941	
-0.483128	-1.34457	0.284346	1.03901	-0.142057	0.234788	0.0205091	
-0.46617	-1.34047	0.283282	1.03826	-0.149317	0.229044	0.0205215	
-0.449948	-1.33751	0.282488	1.03703	-0.154669	0.222647	0.0205534	
-0.434551	-1.33557	0.281876	1.03577	-0.158566	0.216596	0.0206052	
-0.419854	-1.33474	0.281439	1.03437	-0.161375	0.210573	0.0206742	
-0.405793	-1.33411	0.281116	1.03299	-0.163306	0.204429	0.0207566	
-0.39118	-1.34039	0.281332	1.02933	-0.164608	0.198387	0.0209481	
-0.377814	-1.33078	0.280829	1.03056	-0.164662	0.192708	0.0209442	
-0.367337	-1.33644	0.280816	1.02896	-0.16605	0.187204	0.0210391	
-0.3635	-1.33232	0.279755	1.03279	-0.168527	0.181764	0.0211704	
-0.339942	-1.34641	0.281983	1.02333	-0.165381	0.175452	0.0211993	
-0.323736	-1.36246	0.282914	1.016	-0.164657	0.169637	0.0212205	
-0.32009	-1.34052	0.281132	1.02417	-0.165211	0.16438	0.0216044	
-0.308775	-1.34445	0.28146	1.02246	-0.164774	0.158839	0.0217133	
-0.300916	-1.34697	0.281461	1.02263	-0.165238	0.153422	0.0217838	
-0.286001	-1.3522	0.282207	1.01892	-0.163446	0.147796	0.021965	
-0.275372	-1.35584	0.282522	1.0176	-0.162858	0.14244	0.0220887	
-0.255864	-1.36638	0.284138	1.01043	-0.159791	0.136525	0.0221945	
-0.256772	-1.3611	0.282899	1.01642	-0.162213	0.13164	0.0223503	
-0.239597	-1.36924	0.284145	1.01101	-0.159588	0.126016	0.0224793	
-0.236931	-1.36805	0.283529	1.01432	-0.161011	0.120934	0.0226144	
-0.221108	-1.37554	0.28462	1.00961	-0.158701	0.115529	0.0227976	
-0.214025	-1.3774	0.284605	1.01022	-0.158866	0.110315	0.0228318	
-0.205153	-1.38024	0.284748	1.0098	-0.158487	0.104992	0.0228914	
-0.193166	-1.38482	0.285561	1.00757	-0.157038	0.0997057	0.0231409	
-0.187439	-1.38513	0.285654	1.00931	-0.157427	0.0947354	0.0231734	
-0.169905	-1.39505	0.286846	1.00296	-0.154565	0.089211	0.0236044	
-0.167523	-1.3931	0.286274	1.00667	-0.155844	0.0840908	0.0235884	
-0.14993	-1.40246	0.287585	1.00063	-0.152988	0.0784066	0.0237216	
-0.1402	-1.40611	0.287994	0.999639	-0.152241	0.0733616	0.02376	
-0.140318	-1.40276	0.287419	1.00482	-0.154022	0.0689724	0.0240184	
-0.129573	-1.40736	0.287986	1.00314	-0.15294	0.0638693	0.0241485	
-0.122766	-1.40922	0.288221	1.00384	-0.152885	0.0587566	0.0243339	
-0.103708	-1.42043	0.289444	0.996505	-0.149688	0.0531783	0.0243829	
-0.0995261	-1.41949	0.289415	0.998784	-0.150237	0.0487778	0.0245461	
-0.0896718	-1.4237	0.289553	0.996363	-0.149445	0.0436841	0.024683	
-0.08242	-1.42595	0.28939	0.995324	-0.149342	0.0387997	0.0248719	
-0.0682927	-1.43357	0.289584	0.989316	-0.147608	0.0336188	0.0249144	
-0.0648067	-1.43293	0.288776	0.990151	-0.148531	0.0288965	0.024952	
-0.051391	-1.44095	0.288703	0.983851	-0.147201	0.0234713	0.025282	
-0.0412814	-1.44565	0.288326	0.979852	-0.14658	0.0183468	0.0254171	
-0.032341	-1.44961	0.287743	0.97652	-0.146293	0.0134165	0.0255584	
-0.0234398	-1.45359	0.287106	0.973114	-0.146032	0.0085835	0.0257039	
-0.0107422	-1.46014	0.286717	0.96724	-0.144758	0.00312687	0.0259647	
-0.00421949	-1.46301	0.285739	0.965005	-0.145267	-0.00187502	0.0259692	
0.000743537	-1.46398	0.284511	0.963993	-0.146057	-0.0068535	0.026121	
0.00992918	-1.46833	0.283678	0.960184	-0.145766	-0.0120165	0.0262727	
0.0219559	-1.47478	0.283131	0.954494	-0.144735	-0.0177047	0.0264259	
0.0298318	-1.47821	0.28219	0.951425	-0.144776	-0.0229178	0.0265738	
0.0382508	-1.48138	0.281071	0.948047	-0.144633	-0.0281854	0.0267936	
0.0447344	-1.48442	0.280282	0.945848	-0.145047	-0.0334812	0.0268313	
0.0555618	-1.49046	0.27969	0.940607	-0.144275	-0.0392089	0.0270049	
0.0637211	-1.49416	0.278801	0.937365	-0.144174	-0.0443656	0.0271555	
0.0728733	-1.49871	0.277998	0.933352	-0.143798	-0.0497099	0.0273486	
0.0807976	-1.50213	0.277214	0.930295	-0.143734	-0.0550845	0.02739	
0.0898271	-1.50665	0.276547	0.92638	-0.143317	-0.0606316	0.0276117	
0.0971654	-1.51008	0.27569	0.923571	-0.14334	-0.0658519	0.0277609	
0.107274	-1.51533	0.275136	0.919069	-0.142612	-0.0711638	0.0279125	
0.114919	-1.51867	0.274357	0.916143	-0.142495	-0.0762739	0.0280639	
0.121706	-1.5227	0.273592	0.913493	-0.142636	-0.0814155	0.0282154	
0.133267	-1.53212	0.273412	0.907285	-0.141628	-0.0873066	0.0284446	
0.139772	-1.53026	0.272301	0.906166	-0.141491	-0.0923229	0.0285108	
0.147292	-1.53423	0.271642	0.903164	-0.141335	-0.0974337	0.0286735	
0.15648	-1.53931	0.271158	0.899207	-0.140704	-0.102649	0.0288372	
0.163959	-1.54327	0.270546	0.896291	-0.140498	-0.107918	0.029	
0.171358	-1.54348	0.269691	0.894253	-0.140074	-0.112974	0.029204	
0.177102	-1.50933	0.266924	0.901403	-0.138108	-0.117407	0.0292677	
0.189325	-1.56755	0.269737	0.883354	-0.139538	-0.123518	0.0295019	
0.196604	-1.56942	0.269149	0.881074	-0.139146	-0.128607	0.0296665	
0.20495	-1.57209	0.268632	0.878153	-0.138454	-0.133813	0.0298345	
0.211886	-1.57394	0.268044	0.876066	-0.138107	-0.138862	0.0300037	
0.219842	-1.577	0.267574	0.873241	-0.137513	-0.143861	0.0301746	
0.226897	-1.57991	0.267078	0.870953	-0.137126	-0.148746	0.0303479	
0.235408	-1.5841	0.266732	0.867539	-0.136394	-0.154104	0.0305215	
0.24277	-1.58631	0.266193	0.865257	-0.135814	-0.159027	0.030769	
0.250744	-1.59091	0.26591	0.862136	-0.135222	-0.163998	0.0308409	
0.258376	-1.59619	0.265618	0.859058	-0.134724	-0.168897	0.0310446	
0.265866	-1.6	0.265277	0.856281	-0.134169	-0.173964	0.0312258	
0.273369	-1.60389	0.264921	0.853616	-0.13357	-0.17894	0.0314106	
0.280819	-1.60797	0.264617	0.850888	-0.13298	-0.183965	0.0315952	
0.288331	-1.61235	0.264333	0.848044	-0.132375	-0.189125	0.0317816	
0.295838	-1.61658	0.264045	0.845356	-0.131716	-0.193961	0.0319693	
0.303168	-1.6209	0.263795	0.842724	-0.131103	-0.198699	0.0321585	
0.310662	-1.6251	0.263512	0.839974	-0.130447	-0.203657	0.032343	
0.321542	-1.62441	-0.213264	0.836093	-0.129349	-0.208644	0.0325558	
0.334065	-1.64604	-0.589864	0.80819	-0.126373	-0.212764	0.0330882	
0.34842	-1.69686	-0.885732	0.765386	-0.122888	-0.2171	0.0338828	
0.361889	-1.74456	-1.11927	0.722871	-0.118567	-0.221147	0.0345628	
0.374088	-1.79308	-1.30304	0.682997	-0.114128	-0.225311	0.035411	
0.388091	-1.86649	-1.44533	0.640123	-0.11057	-0.230099	0.035965	
0.396546	-1.88059	-1.56105	0.61739	-0.105262	-0.234018	0.0367635	
0.406266	-1.92037	-1.6499	0.592004	-0.101415	-0.238713	0.0371739	
0.415377	-1.95604	-1.71951	0.571567	-0.0977174	-0.242884	0.037742	
0.424272	-1.98976	-1.77375	0.554564	-0.0943849	-0.247957	0.0382021	
0.433078	-2.0157	-1.81639	0.542191	-0.0909614	-0.252593	0.0386423	
0.440372	-2.03945	-1.8495	0.533096	-0.0882384	-0.257683	0.0389484	
0.447255	-2.06003	-1.87527	0.526697	-0.0857573	-0.262914	0.0392854	
0.453929	-2.07719	-1.89523	0.522714	-0.0834572	-0.267984	0.0395168	
0.461363	-2.09551	-1.91042	0.519338	-0.0812594	-0.272997	0.039799	
0.467898	-2.11117	-1.92204	0.517871	-0.0794309	-0.278198	0.0399915	
0.474155	-2.11614	-1.93155	0.519841	-0.0772826	-0.283071	0.0401603	
0.480963	-2.1304	-1.93802	0.51984	-0.0757012	-0.288875	0.0403709	
0.48669	-2.13209	-1.94363	0.524061	-0.073859	-0.29313	0.0404617	
0.492997	-2.14008	-1.94734	0.526759	-0.0723357	-0.298275	0.0406544	
0.499185	-2.14759	-1.94992	0.529963	-0.0709549	-0.303209	0.040803	
0.505217	-2.15315	-1.95176	0.533846	-0.0695895	-0.308282	0.0410015	
0.511198	-2.15786	-1.95296	0.538066	-0.0683204	-0.313444	0.0411615	
0.517618	-2.16268	-1.95361	0.542421	-0.0670145	-0.318303	0.0412127	
0.523661	-2.16725	-1.95379	0.54695	-0.0658672	-0.323565	0.0413095	
0.529905	-2.17084	-1.95374	0.551766	-0.0646478	-0.328448	0.0414562	
0.535712	-2.17432	-1.9534	0.55687	-0.0636022	-0.333452	0.041557	
0.542101	-2.17821	-1.9528	0.561723	-0.0624745	-0.338312	0.0415967	
0.549758	-2.20253	-1.95042	0.561091	-0.062179	-0.343653	0.0417409	
0.554935	-2.19985	-1.95007	0.568103	-0.0610994	-0.348437	0.0417667	
0.561136	-2.19902	-1.9495	0.574121	-0.0598692	-0.353601	0.0419174	
0.566477	-2.19783	-1.9489	0.580699	-0.0588522	-0.35805	0.0421145	
0.572383	-2.19809	-1.94809	0.586682	-0.0578614	-0.363049	0.042119	
0.578286	-2.19855	-1.94719	0.592621	-0.0569006	-0.3678	0.0421278	
0.583996	-2.19936	-1.94634	0.598606	-0.0559846	-0.372521	0.0423228	
0.590033	-2.20081	-1.94531	0.604166	-0.0551199	-0.377678	0.0423147	
0.595899	-2.20184	-1.94436	0.610061	-0.0542287	-0.382113	0.042456	
0.601992	-2.20347	-1.94329	0.615687	-0.0533758	-0.386831	0.0424475	
0.605764	-2.1851	-1.94385	0.626961	-0.0520568	-0.391638	0.0425535	
0.612654	-2.19185	-1.94239	0.631055	-0.0512579	-0.395951	0.0426649	
0.618034	-2.19702	-1.94096	0.636119	-0.0508352	-0.400502	0.0426539	
0.624525	-2.20262	-1.93958	0.640432	-0.0501362	-0.406017	0.0428144	
0.632079	-2.20829	-1.93816	0.644422	-0.0491998	-0.411169	0.0427628	
0.636464	-2.21041	-1.93696	0.650499	-0.0489101	-0.416035	0.0428665	
0.64257	-2.21429	-1.93564	0.655661	-0.0482578	-0.420438	0.0428332	
0.648994	-2.21447	-1.93472	0.661384	-0.0472925	-0.425025	0.0430675	
0.654037	-2.21671	-1.93345	0.667247	-0.0468853	-0.429252	0.0430264	
0.660635	-2.22373	-1.93182	0.671188	-0.0463709	-0.434294	0.042955	
0.666916	-2.22647	-1.93065	0.676313	-0.0456467	-0.439088	0.043135	
0.673614	-2.23177	-1.92919	0.680586	-0.0450335	-0.444125	0.0430853	
0.678115	-2.23019	-1.9283	0.687592	-0.0445881	-0.448362	0.0431695	
0.684317	-2.22162	-1.9278	0.694614	-0.0433783	-0.452879	0.0431203	
0.690743	-2.2372	-1.92543	0.69501	-0.0434131	-0.457619	0.0433368	
0.694639	-2.23671	-1.92413	0.699899	-0.0433614	-0.461551	0.0432865	
0.700805	-2.23718	-1.9229	0.703026	-0.0428284	-0.466116	0.0434119	
0.707355	-2.23798	-1.92164	0.705719	-0.0423087	-0.470675	0.0433641	
0.712524	-2.2408	-1.92015	0.708081	-0.0423501	-0.47519	0.0433166	
0.718309	-2.24216	-1.91893	0.710426	-0.0421567	-0.479657	0.0433983	
0.724504	-2.24322	-1.91775	0.712629	-0.0418672	-0.483472	0.0434338	
0.730652	-2.24594	-1.91653	0.714296	-0.041701	-0.487446	0.0435809	
0.736511	-2.24459	-1.91561	0.716935	-0.0414772	-0.491768	0.0435355	
0.741581	-2.2457	-1.91445	0.719118	-0.0416323	-0.496103	0.0435118	
